=== Run information ===

Scheme:       weka.classifiers.bayes.NaiveBayes 
Relation:     opinion-weka.filters.unsupervised.attribute.StringToWordVector-R1-W100-prune-rate-1.0-C-T-I-N1-stemmerweka.core.stemmers.IteratedLovinsStemmer-stopwords-handlerweka.core.stopwords.Rainbow-M1-tokenizerweka.core.tokenizers.WordTokenizer -delimiters " \r\n\t.,;:\'\"()?!"-weka.filters.unsupervised.attribute.Reorder-R2,3,4,5,6,7,8,9,10,11,12,13,14,15,16,17,18,19,20,21,22,23,24,25,26,27,28,29,30,31,32,33,34,35,36,37,38,39,40,41,42,43,44,45,46,47,48,49,50,51,52,53,54,55,56,57,58,59,60,61,62,63,64,65,66,67,68,69,70,71,72,73,74,75,76,77,78,79,80,81,82,83,84,85,86,87,88,89,90,91,92,93,94,95,96,97,98,99,100,101,102,103,104,105,106,107,108,109,110,111,112,113,114,115,116,117,118,119,120,121,122,123,124,125,126,127,128,129,130,131,132,133,134,135,136,137,138,139,140,141,142,143,144,145,146,147,148,149,150,151,152,153,154,155,156,157,158,159,160,161,162,163,164,165,1
Instances:    7230
Attributes:   165
              [list of attributes omitted]
Test mode:    10-fold cross-validation

=== Classifier model (full training set) ===

Naive Bayes Classifier

                   Class
Attribute       positive  negative   neutral objective
                  (0.45)    (0.18)    (0.21)    (0.15)
=======================================================
&
  mean             0.1104    0.1184    0.1073    0.1396
  std. dev.        0.4505    0.5261    0.4795    0.5141
  weight sum         3284      1293      1547      1106
  precision        0.0119    0.0119    0.0119    0.0119

-
  mean             0.1066    0.0739    0.1256    0.2154
  std. dev.        0.4682    0.3815    0.5173    0.6606
  weight sum         3284      1293      1547      1106
  precision        0.0119    0.0119    0.0119    0.0119

//bit
  mean             0.0629    0.0923    0.1106    0.2207
  std. dev.        0.3782    0.4752    0.4919    0.6582
  weight sum         3284      1293      1547      1106
  precision        0.0146    0.0146    0.0146    0.0146

//fb
  mean             0.0713    0.0181    0.1194      0.14
  std. dev.         0.382     0.201    0.5245    0.5381
  weight sum         3284      1293      1547      1106
  precision        0.0165    0.0165    0.0165    0.0165

//instagr
  mean             0.0463         0    0.0291    0.0329
  std. dev.        0.3778    0.0108    0.3109    0.3224
  weight sum         3284      1293      1547      1106
  precision         0.065     0.065     0.065     0.065

//www
  mean             0.0677    0.0523    0.0597     0.094
  std. dev.        0.4153     0.382    0.4028     0.456
  weight sum         3284      1293      1547      1106
  precision        0.0247    0.0247    0.0247    0.0247

1
  mean             0.0327    0.0288    0.0555    0.0544
  std. dev.         0.282     0.264    0.3737    0.3809
  weight sum         3284      1293      1547      1106
  precision        0.0343    0.0343    0.0343    0.0343

1st
  mean             0.0825    0.1329    0.1078     0.083
  std. dev.        0.4242    0.5438    0.5049    0.4383
  weight sum         3284      1293      1547      1106
  precision        0.0158    0.0158    0.0158    0.0158

2
  mean             0.0625    0.0601      0.07    0.0974
  std. dev.          0.38    0.3837    0.4116    0.4466
  weight sum         3284      1293      1547      1106
  precision        0.0233    0.0233    0.0233    0.0233

2nd
  mean             0.0634    0.0752    0.0626    0.0808
  std. dev.        0.4098    0.4298    0.4239    0.4584
  weight sum         3284      1293      1547      1106
  precision        0.0265    0.0265    0.0265    0.0265

3
  mean             0.0438    0.0324    0.0464    0.0872
  std. dev.        0.3382    0.2883     0.344     0.446
  weight sum         3284      1293      1547      1106
  precision        0.0345    0.0345    0.0345    0.0345

3rd
  mean             0.0484    0.0708    0.0477      0.06
  std. dev.        0.3479     0.461    0.3637    0.4188
  weight sum         3284      1293      1547      1106
  precision         0.035     0.035     0.035     0.035

4
  mean             0.0478     0.043    0.0298    0.0646
  std. dev.        0.3565    0.3564    0.2652    0.4224
  weight sum         3284      1293      1547      1106
  precision        0.0406    0.0406    0.0406    0.0406

@
  mean             0.0362    0.0064    0.0605     0.062
  std. dev.        0.2881    0.1371    0.4109    0.3946
  weight sum         3284      1293      1547      1106
  precision        0.0352    0.0352    0.0352    0.0352

RT
  mean             0.0486    0.0469    0.0587    0.0563
  std. dev.        0.3637    0.3635      0.41    0.3916
  weight sum         3284      1293      1547      1106
  precision        0.0382    0.0382    0.0382    0.0382

al
  mean              0.158    0.1377    0.1257    0.1202
  std. dev.        0.5647    0.4915    0.5287    0.4634
  weight sum         3284      1293      1547      1106
  precision        0.0096    0.0096    0.0096    0.0096

ar
  mean             0.1178    0.1612    0.1342    0.1052
  std. dev.        0.5042    0.6034    0.5564    0.4689
  weight sum         3284      1293      1547      1106
  precision        0.0119    0.0119    0.0119    0.0119

back
  mean             0.0661    0.0797    0.0654    0.0339
  std. dev.        0.4128    0.4564    0.3945    0.2714
  weight sum         3284      1293      1547      1106
  precision        0.0271    0.0271    0.0271    0.0271

befor
  mean               0.04    0.0378     0.046    0.0258
  std. dev.        0.3359    0.3373     0.363    0.2515
  weight sum         3284      1293      1547      1106
  precision        0.0499    0.0499    0.0499    0.0499

big
  mean             0.0769    0.0315    0.0404    0.0392
  std. dev.        0.4609    0.2894    0.3482    0.3334
  weight sum         3284      1293      1547      1106
  precision        0.0345    0.0345    0.0345    0.0345

birthd
  mean             0.0708    0.0128    0.0212    0.0096
  std. dev.        0.4559    0.1992    0.2684    0.1605
  weight sum         3284      1293      1547      1106
  precision        0.0509    0.0509    0.0509    0.0509

boy
  mean             0.0428    0.0145    0.0143    0.0212
  std. dev.        0.3426    0.2021    0.2001    0.2358
  weight sum         3284      1293      1547      1106
  precision         0.056     0.056     0.056     0.056

celebr
  mean              0.051    0.0125    0.0122    0.0093
  std. dev.        0.3943    0.2091    0.1852      0.18
  weight sum         3284      1293      1547      1106
  precision        0.0641    0.0641    0.0641    0.0641

cl
  mean             0.0447    0.0506    0.0472    0.0483
  std. dev.        0.3333    0.3614    0.3717    0.3482
  weight sum         3284      1293      1547      1106
  precision        0.0379    0.0379    0.0379    0.0379

day
  mean             0.1954    0.1338    0.1172    0.1128
  std. dev.        0.6089    0.5256    0.4748    0.4755
  weight sum         3284      1293      1547      1106
  precision        0.0089    0.0089    0.0089    0.0089

don
  mean             0.0731    0.1334    0.0527    0.0158
  std. dev.        0.4089     0.546    0.3734    0.1879
  weight sum         3284      1293      1547      1106
  precision        0.0222    0.0222    0.0222    0.0222

enj
  mean             0.0469    0.0028    0.0053    0.0023
  std. dev.        0.3709    0.0996     0.121    0.0779
  weight sum         3284      1293      1547      1106
  precision        0.0762    0.0762    0.0762    0.0762

excit
  mean             0.1059     0.007    0.0071    0.0017
  std. dev.        0.5504     0.145    0.1252    0.0572
  weight sum         3284      1293      1547      1106
  precision        0.0397    0.0397    0.0397    0.0397

fin
  mean             0.0621     0.025    0.0474    0.0485
  std. dev.         0.409    0.2681    0.3589    0.3922
  weight sum         3284      1293      1547      1106
  precision        0.0379    0.0379    0.0379    0.0379

fr
  mean             0.0575    0.0184    0.0663    0.0726
  std. dev.         0.378    0.2276     0.429    0.4645
  weight sum         3284      1293      1547      1106
  precision        0.0338    0.0338    0.0338    0.0338

frid
  mean             0.1077    0.0753    0.1211    0.1164
  std. dev.        0.4824    0.4324    0.5386    0.4805
  weight sum         3284      1293      1547      1106
  precision        0.0146    0.0146    0.0146    0.0146

fun
  mean              0.059    0.0084    0.0042    0.0041
  std. dev.         0.407    0.1564     0.096    0.0966
  weight sum         3284      1293      1547      1106
  precision        0.0554    0.0554    0.0554    0.0554

gam
  mean             0.1191    0.1043     0.134     0.136
  std. dev.        0.5345    0.4726    0.5738    0.5378
  weight sum         3284      1293      1547      1106
  precision        0.0135    0.0135    0.0135    0.0135

ge
  mean             0.1173    0.1383    0.1453    0.0894
  std. dev.         0.491    0.5229    0.5749    0.4146
  weight sum         3284      1293      1547      1106
  precision        0.0115    0.0115    0.0115    0.0115

girl
  mean             0.0521     0.023    0.0182    0.0208
  std. dev.        0.3824    0.2405    0.2281    0.2481
  weight sum         3284      1293      1547      1106
  precision         0.049     0.049     0.049     0.049

gon
  mean             0.0659    0.0665    0.0598    0.0366
  std. dev.         0.412    0.3924    0.4075    0.2918
  weight sum         3284      1293      1547      1106
  precision        0.0283    0.0283    0.0283    0.0283

good
  mean             0.1721    0.0567    0.0287    0.0118
  std. dev.        0.6144    0.3767    0.2593     0.188
  weight sum         3284      1293      1547      1106
  precision        0.0164    0.0164    0.0164    0.0164

great
  mean             0.1083     0.011     0.016         0
  std. dev.        0.5178    0.1517    0.2249    0.0052
  weight sum         3284      1293      1547      1106
  precision        0.0313    0.0313    0.0313    0.0313

guy
  mean             0.0513    0.0441    0.0473    0.0213
  std. dev.        0.3837    0.3474    0.3741    0.2288
  weight sum         3284      1293      1547      1106
  precision        0.0442    0.0442    0.0442    0.0442

ha
  mean              0.053    0.0902    0.0545    0.1117
  std. dev.        0.3586    0.4535    0.3575    0.5143
  weight sum         3284      1293      1547      1106
  precision        0.0235    0.0235    0.0235    0.0235

hap
  mean              0.124    0.0457    0.0314    0.0247
  std. dev.         0.551    0.3468    0.2796    0.2875
  weight sum         3284      1293      1547      1106
  precision         0.024     0.024     0.024     0.024

hav
  mean             0.1654    0.2162    0.1754    0.0978
  std. dev.        0.5643    0.6755    0.5976    0.4126
  weight sum         3284      1293      1547      1106
  precision         0.008     0.008     0.008     0.008

hop
  mean             0.1013    0.0467    0.0378    0.0087
  std. dev.        0.5088    0.3702    0.3119    0.1292
  weight sum         3284      1293      1547      1106
  precision         0.028     0.028     0.028     0.028

http
  mean             0.1853    0.1474    0.2799    0.4594
  std. dev.        0.4804    0.4512     0.562    0.6381
  weight sum         3284      1293      1547      1106
  precision        0.0036    0.0036    0.0036    0.0036

le
  mean             0.0487    0.0602    0.0472    0.0256
  std. dev.        0.3648    0.4067    0.3679    0.2502
  weight sum         3284      1293      1547      1106
  precision        0.0394    0.0394    0.0394    0.0394

lik
  mean             0.1118    0.1498    0.1133    0.0454
  std. dev.        0.5109    0.5763    0.5418    0.3249
  weight sum         3284      1293      1547      1106
  precision        0.0145    0.0145    0.0145    0.0145

liv
  mean             0.0482    0.0267    0.0532    0.1032
  std. dev.        0.3532    0.2535    0.3781     0.511
  weight sum         3284      1293      1547      1106
  precision        0.0329    0.0329    0.0329    0.0329

lol
  mean             0.0655    0.0449    0.0389    0.0114
  std. dev.         0.441    0.3592    0.3505    0.1711
  weight sum         3284      1293      1547      1106
  precision        0.0427    0.0427    0.0427    0.0427

lov
  mean             0.1639    0.0236    0.0305    0.0165
  std. dev.        0.6213    0.2365     0.278    0.2143
  weight sum         3284      1293      1547      1106
  precision        0.0195    0.0195    0.0195    0.0195

luck
  mean             0.0474    0.0057    0.0053         0
  std. dev.        0.3835    0.1193    0.1208    0.0127
  weight sum         3284      1293      1547      1106
  precision        0.0761    0.0761    0.0761    0.0761

mad
  mean             0.0422    0.0433    0.0417    0.0109
  std. dev.        0.3453    0.3628    0.3633    0.1937
  weight sum         3284      1293      1547      1106
  precision        0.0554    0.0554    0.0554    0.0554

mak
  mean             0.0842    0.0638    0.0668    0.0669
  std. dev.        0.4584    0.4111    0.4148    0.3931
  weight sum         3284      1293      1547      1106
  precision        0.0231    0.0231    0.0231    0.0231

man
  mean             0.0604    0.0585    0.0462    0.0446
  std. dev.        0.3968    0.4182    0.3754    0.3656
  weight sum         3284      1293      1547      1106
  precision        0.0355    0.0355    0.0355    0.0355

march
  mean             0.0452    0.0323    0.0333    0.0296
  std. dev.        0.3911     0.323    0.3297     0.322
  weight sum         3284      1293      1547      1106
  precision        0.0607    0.0607    0.0607    0.0607

mi
  mean             0.0493     0.095    0.0633    0.0226
  std. dev.        0.3712    0.5041     0.441    0.2437
  weight sum         3284      1293      1547      1106
  precision        0.0345    0.0345    0.0345    0.0345

mon
  mean             0.0707    0.1017     0.114    0.1283
  std. dev.        0.4014    0.4793    0.5113    0.5491
  weight sum         3284      1293      1547      1106
  precision        0.0166    0.0166    0.0166    0.0166

mor
  mean             0.0722    0.0629     0.065    0.0357
  std. dev.        0.4243    0.4058    0.3985    0.2724
  weight sum         3284      1293      1547      1106
  precision        0.0265    0.0265    0.0265    0.0265

morn
  mean             0.0722    0.0627    0.0656     0.045
  std. dev.        0.4209    0.4112    0.4223    0.3583
  weight sum         3284      1293      1547      1106
  precision        0.0272    0.0272    0.0272    0.0272

mov
  mean             0.0656    0.0622    0.0633    0.0496
  std. dev.        0.4133    0.4182    0.3944    0.3444
  weight sum         3284      1293      1547      1106
  precision        0.0285    0.0285    0.0285    0.0285

night
  mean             0.1625    0.1416    0.1692     0.152
  std. dev.        0.5532    0.5452    0.6051    0.5745
  weight sum         3284      1293      1547      1106
  precision        0.0089    0.0089    0.0089    0.0089

november
  mean              0.039    0.0183    0.0519    0.0793
  std. dev.        0.3289    0.2382    0.3951    0.4643
  weight sum         3284      1293      1547      1106
  precision        0.0438    0.0438    0.0438    0.0438

onl
  mean             0.0404    0.0506    0.0612    0.0346
  std. dev.        0.3179     0.357    0.4059    0.2966
  weight sum         3284      1293      1547      1106
  precision        0.0376    0.0376    0.0376    0.0376

part
  mean             0.0457    0.0417    0.0537    0.0616
  std. dev.        0.3475    0.3185    0.3737    0.3987
  weight sum         3284      1293      1547      1106
  precision        0.0355    0.0355    0.0355    0.0355

pic
  mean             0.0474     0.056    0.0558    0.0546
  std. dev.        0.3428    0.4046    0.3777    0.3676
  weight sum         3284      1293      1547      1106
  precision         0.036     0.036     0.036     0.036

pl
  mean             0.0934    0.0995    0.1226    0.1127
  std. dev.        0.4586    0.4683    0.5243    0.4838
  weight sum         3284      1293      1547      1106
  precision        0.0146    0.0146    0.0146    0.0146

pr
  mean             0.0667    0.0842    0.0452    0.0461
  std. dev.        0.4265     0.504    0.3248    0.3308
  weight sum         3284      1293      1547      1106
  precision        0.0291    0.0291    0.0291    0.0291

read
  mean             0.0608     0.032     0.052    0.0317
  std. dev.        0.4128    0.2828    0.3798    0.2932
  weight sum         3284      1293      1547      1106
  precision        0.0362    0.0362    0.0362    0.0362

real
  mean             0.0617    0.0919    0.0501    0.0452
  std. dev.        0.3878    0.4772    0.3777    0.3664
  weight sum         3284      1293      1547      1106
  precision        0.0286    0.0286    0.0286    0.0286

sat
  mean             0.0391    0.0797    0.0453     0.052
  std. dev.         0.339    0.4939    0.3587    0.3733
  weight sum         3284      1293      1547      1106
  precision        0.0416    0.0416    0.0416    0.0416

saturd
  mean             0.0979    0.0869    0.1197    0.1425
  std. dev.        0.4667    0.4609    0.5344    0.5744
  weight sum         3284      1293      1547      1106
  precision        0.0151    0.0151    0.0151    0.0151

se
  mean             0.1649    0.0911    0.1522    0.0862
  std. dev.        0.5655     0.415     0.582    0.4195
  weight sum         3284      1293      1547      1106
  precision        0.0102    0.0102    0.0102    0.0102

season
  mean             0.0543    0.0406    0.0407     0.076
  std. dev.        0.3739    0.3323    0.3083    0.4263
  weight sum         3284      1293      1547      1106
  precision        0.0329    0.0329    0.0329    0.0329

sh
  mean               0.06    0.0814    0.0343    0.0315
  std. dev.        0.4069    0.4903    0.3119    0.3038
  weight sum         3284      1293      1547      1106
  precision        0.0365    0.0365    0.0365    0.0365

show
  mean               0.08    0.0412    0.0587    0.0663
  std. dev.        0.4495    0.3138    0.3666    0.3961
  weight sum         3284      1293      1547      1106
  precision        0.0247    0.0247    0.0247    0.0247

som
  mean             0.0585    0.0552    0.0705    0.0506
  std. dev.        0.3795    0.3817    0.4106    0.3544
  weight sum         3284      1293      1547      1106
  precision        0.0283    0.0283    0.0283    0.0283

song
  mean             0.0456    0.0204    0.0183    0.0298
  std. dev.        0.3781    0.2468    0.2587    0.3012
  weight sum         3284      1293      1547      1106
  precision        0.0654    0.0654    0.0654    0.0654

st
  mean             0.0616    0.0378    0.0645    0.0877
  std. dev.        0.3975    0.2967    0.3925    0.4625
  weight sum         3284      1293      1547      1106
  precision        0.0269    0.0269    0.0269    0.0269

start
  mean             0.0623    0.0489    0.0519    0.0597
  std. dev.        0.3875    0.3597    0.3596    0.3822
  weight sum         3284      1293      1547      1106
  precision        0.0261    0.0261    0.0261    0.0261

stil
  mean             0.0478    0.0787    0.0669    0.0262
  std. dev.        0.3594    0.4575    0.4382    0.2622
  weight sum         3284      1293      1547      1106
  precision        0.0345    0.0345    0.0345    0.0345

sun
  mean             0.0516     0.036    0.0777    0.0676
  std. dev.        0.3867    0.3025    0.4842    0.4366
  weight sum         3284      1293      1547      1106
  precision        0.0352    0.0352    0.0352    0.0352

sund
  mean             0.1108    0.0919    0.1075    0.1112
  std. dev.        0.4906    0.4215    0.5043    0.4982
  weight sum         3284      1293      1547      1106
  precision        0.0144    0.0144    0.0144    0.0144

tak
  mean             0.0388    0.0578    0.0731    0.0739
  std. dev.         0.318     0.396    0.4272    0.4631
  weight sum         3284      1293      1547      1106
  precision        0.0336    0.0336    0.0336    0.0336

team
  mean             0.0503    0.0323     0.045    0.0496
  std. dev.        0.3661    0.2775    0.3507    0.3599
  weight sum         3284      1293      1547      1106
  precision        0.0385    0.0385    0.0385    0.0385

ther
  mean             0.0576     0.051    0.1016    0.0528
  std. dev.        0.3619    0.3586     0.526    0.3778
  weight sum         3284      1293      1547      1106
  precision        0.0257    0.0257    0.0257    0.0257

thursd
  mean             0.0565    0.0552    0.0652    0.1241
  std. dev.        0.3728    0.3711    0.4232    0.5632
  weight sum         3284      1293      1547      1106
  precision        0.0262    0.0262    0.0262    0.0262

tim
  mean             0.1133    0.1414    0.0903    0.1154
  std. dev.        0.4767    0.5361     0.438    0.4855
  weight sum         3284      1293      1547      1106
  precision        0.0126    0.0126    0.0126    0.0126

tod
  mean             0.1155    0.1239    0.1083       0.1
  std. dev.        0.4971    0.5249    0.4966    0.4771
  weight sum         3284      1293      1547      1106
  precision        0.0133    0.0133    0.0133    0.0133

tomorrow
  mean              0.274    0.2299    0.2616    0.2266
  std. dev.        0.6514    0.6242    0.7097     0.674
  weight sum         3284      1293      1547      1106
  precision        0.0048    0.0048    0.0048    0.0048

tonight
  mean             0.1702    0.1121    0.1174    0.1241
  std. dev.        0.6102    0.4685    0.5238    0.5276
  weight sum         3284      1293      1547      1106
  precision        0.0109    0.0109    0.0109    0.0109

tuesd
  mean             0.0439    0.0488    0.0464    0.0833
  std. dev.        0.3559    0.3811    0.3719    0.5026
  weight sum         3284      1293      1547      1106
  precision        0.0403    0.0403    0.0403    0.0403

twitter
  mean             0.0505    0.0539    0.0562    0.0484
  std. dev.        0.3487    0.3855    0.3734    0.3388
  weight sum         3284      1293      1547      1106
  precision        0.0289    0.0289    0.0289    0.0289

wa
  mean             0.0975    0.1871    0.1182    0.0578
  std. dev.        0.4523    0.6181    0.5343    0.3656
  weight sum         3284      1293      1547      1106
  precision        0.0133    0.0133    0.0133    0.0133

wait
  mean             0.1192    0.0588     0.024     0.013
  std. dev.        0.5646    0.3863    0.2632    0.1855
  weight sum         3284      1293      1547      1106
  precision        0.0264    0.0264    0.0264    0.0264

watch
  mean             0.1203    0.1075    0.1135    0.0679
  std. dev.        0.5259    0.4749    0.5108    0.3849
  weight sum         3284      1293      1547      1106
  precision        0.0144    0.0144    0.0144    0.0144

week
  mean             0.0714    0.0283    0.0624    0.0781
  std. dev.        0.4247    0.2644    0.3843    0.4266
  weight sum         3284      1293      1547      1106
  precision        0.0267    0.0267    0.0267    0.0267

wel
  mean              0.045    0.0565    0.0408    0.0157
  std. dev.        0.3687    0.4014    0.3789    0.2137
  weight sum         3284      1293      1547      1106
  precision        0.0514    0.0514    0.0514    0.0514

wh
  mean             0.0741    0.0949    0.1109     0.094
  std. dev.        0.4203    0.4712    0.5353    0.5046
  weight sum         3284      1293      1547      1106
  precision        0.0191    0.0191    0.0191    0.0191

wil
  mean             0.1247    0.1134    0.1544    0.2052
  std. dev.        0.4802    0.4712    0.5444     0.643
  weight sum         3284      1293      1547      1106
  precision        0.0095    0.0095    0.0095    0.0095

win
  mean             0.0866    0.0513    0.0473    0.0311
  std. dev.          0.48    0.3929    0.3444    0.2543
  weight sum         3284      1293      1547      1106
  precision         0.028     0.028     0.028     0.028

work
  mean             0.0492    0.0557    0.0445    0.0534
  std. dev.         0.368    0.3907    0.3608    0.3848
  weight sum         3284      1293      1547      1106
  precision        0.0382    0.0382    0.0382    0.0382

world
  mean             0.0429    0.0626    0.0309     0.053
  std. dev.        0.3539    0.4287    0.2797    0.3926
  weight sum         3284      1293      1547      1106
  precision        0.0423    0.0423    0.0423    0.0423

ye
  mean             0.0442    0.0512    0.0307    0.0198
  std. dev.         0.353    0.3829    0.2805    0.2361
  weight sum         3284      1293      1547      1106
  precision        0.0413    0.0413    0.0413    0.0413

year
  mean             0.0504    0.0479    0.0511    0.0427
  std. dev.        0.3693      0.35    0.3637    0.3403
  weight sum         3284      1293      1547      1106
  precision        0.0365    0.0365    0.0365    0.0365

4th
  mean             0.0401    0.0527    0.0469    0.0563
  std. dev.        0.3411    0.4094    0.3961    0.4088
  weight sum         3284      1293      1547      1106
  precision        0.0458    0.0458    0.0458    0.0458

bad
  mean             0.0179    0.0893    0.0089    0.0093
  std. dev.         0.233    0.5167    0.1586    0.1568
  weight sum         3284      1293      1547      1106
  precision        0.0763    0.0763    0.0763    0.0763

becaus
  mean             0.0275    0.0759    0.0201    0.0098
  std. dev.        0.3018    0.4881    0.2556    0.1889
  weight sum         3284      1293      1547      1106
  precision        0.0664    0.0664    0.0664    0.0664

cal
  mean             0.0184    0.0548    0.0436    0.0376
  std. dev.        0.2334    0.4094    0.3529    0.3342
  weight sum         3284      1293      1547      1106
  precision        0.0622    0.0622    0.0622    0.0622

cancel
  mean              0.006    0.0615    0.0065     0.004
  std. dev.        0.1411    0.4459    0.1482    0.1336
  weight sum         3284      1293      1547      1106
  precision        0.1482    0.1482    0.1482    0.1482

car
  mean              0.033    0.0512      0.03    0.0223
  std. dev.        0.3289    0.4053    0.3089    0.2853
  weight sum         3284      1293      1547      1106
  precision        0.0587    0.0587    0.0587    0.0587

di
  mean             0.0297     0.052    0.0207    0.0183
  std. dev.        0.3219     0.419    0.2764    0.2502
  weight sum         3284      1293      1547      1106
  precision        0.0813    0.0813    0.0813    0.0813

doesn
  mean             0.0125    0.0533    0.0241    0.0036
  std. dev.        0.2042    0.4147     0.289    0.1211
  weight sum         3284      1293      1547      1106
  precision         0.112     0.112     0.112     0.112

feel
  mean             0.0343    0.0699    0.0333    0.0047
  std. dev.        0.3308    0.4573    0.3333    0.1155
  weight sum         3284      1293      1547      1106
  precision        0.0593    0.0593    0.0593    0.0593

fuck
  mean             0.0205    0.1298    0.0189    0.0071
  std. dev.        0.2557    0.6513    0.2539    0.1727
  weight sum         3284      1293      1547      1106
  precision        0.0614    0.0614    0.0614    0.0614

hat
  mean             0.0119    0.0535    0.0114         0
  std. dev.        0.2101    0.4269    0.1852    0.0227
  weight sum         3284      1293      1547      1106
  precision        0.1362    0.1362    0.1362    0.1362

hom
  mean             0.0352     0.076    0.0407    0.0286
  std. dev.        0.3303    0.5138    0.3637    0.2918
  weight sum         3284      1293      1547      1106
  precision        0.0525    0.0525    0.0525    0.0525

kil
  mean             0.0097    0.0549    0.0205     0.005
  std. dev.        0.1882    0.4289    0.2429    0.1172
  weight sum         3284      1293      1547      1106
  precision        0.1148    0.1148    0.1148    0.1148

lo
  mean             0.0078    0.0576    0.0172    0.0168
  std. dev.        0.1602    0.4072    0.2429    0.2333
  weight sum         3284      1293      1547      1106
  precision        0.1021    0.1021    0.1021    0.1021

nig
  mean             0.0096    0.0507    0.0153    0.0034
  std. dev.         0.186    0.3995    0.2292    0.1134
  weight sum         3284      1293      1547      1106
  precision        0.1301    0.1301    0.1301    0.1301

peopl
  mean             0.0337     0.063     0.027    0.0163
  std. dev.        0.3261    0.4404    0.2929    0.2214
  weight sum         3284      1293      1547      1106
  precision        0.0614    0.0614    0.0614    0.0614

run
  mean             0.0193     0.061    0.0386    0.0359
  std. dev.        0.2512    0.4612    0.3615    0.3358
  weight sum         3284      1293      1547      1106
  precision        0.0657    0.0657    0.0657    0.0657

rus
  mean               0.01    0.0542    0.0295    0.0034
  std. dev.        0.1913    0.4317    0.3256    0.1136
  weight sum         3284      1293      1547      1106
  precision        0.1111    0.1111    0.1111    0.1111

sad
  mean             0.0036    0.0539    0.0048    0.0027
  std. dev.        0.1032    0.4213    0.1351    0.0911
  weight sum         3284      1293      1547      1106
  precision        0.1782    0.1782    0.1782    0.1782

school
  mean             0.0379     0.058    0.0311      0.02
  std. dev.        0.3576    0.4314    0.3266    0.2563
  weight sum         3284      1293      1547      1106
  precision         0.063     0.063     0.063     0.063

shit
  mean             0.0172    0.0911    0.0194         0
  std. dev.        0.2327    0.5178    0.2431     0.012
  weight sum         3284      1293      1547      1106
  precision         0.072     0.072     0.072     0.072

sinc
  mean             0.0181    0.0479    0.0259    0.0298
  std. dev.        0.2409    0.3787       0.3    0.3015
  weight sum         3284      1293      1547      1106
  precision        0.0777    0.0777    0.0777    0.0777

talk
  mean             0.0177    0.0466    0.0456    0.0445
  std. dev.         0.213    0.3638    0.3719    0.3539
  weight sum         3284      1293      1547      1106
  precision        0.0519    0.0519    0.0519    0.0519

thing
  mean             0.0406    0.0544    0.0415    0.0394
  std. dev.        0.3683    0.4209    0.3689    0.3854
  weight sum         3284      1293      1547      1106
  precision        0.0548    0.0548    0.0548    0.0548

tw
  mean             0.0307    0.0558     0.041    0.0683
  std. dev.        0.2897    0.3942    0.3349    0.4345
  weight sum         3284      1293      1547      1106
  precision        0.0442    0.0442    0.0442    0.0442

ver
  mean             0.0432    0.0513     0.018    0.0159
  std. dev.        0.3799    0.4104    0.2552    0.2387
  weight sum         3284      1293      1547      1106
  precision        0.0663    0.0663    0.0663    0.0663

wednesd
  mean             0.0391    0.0481    0.0653    0.0375
  std. dev.        0.3515    0.3824    0.4598    0.3501
  weight sum         3284      1293      1547      1106
  precision        0.0475    0.0475    0.0475    0.0475

//ow
  mean             0.0172    0.0156    0.0417    0.0654
  std. dev.        0.2276    0.2188    0.3504    0.4667
  weight sum         3284      1293      1547      1106
  precision        0.0709    0.0709    0.0709    0.0709

2012
  mean             0.0201    0.0075     0.051    0.0824
  std. dev.        0.2487    0.1362    0.3699    0.4719
  weight sum         3284      1293      1547      1106
  precision        0.0622    0.0622    0.0622    0.0622

5
  mean             0.0337    0.0337    0.0366    0.0631
  std. dev.        0.3182    0.3183    0.3262    0.4188
  weight sum         3284      1293      1547      1106
  precision        0.0476    0.0476    0.0476    0.0476

6
  mean             0.0268    0.0235    0.0435     0.054
  std. dev.        0.2757    0.2756    0.3627      0.37
  weight sum         3284      1293      1547      1106
  precision        0.0593    0.0593    0.0593    0.0593

7
  mean             0.0266    0.0363    0.0446    0.0603
  std. dev.        0.2848    0.3414    0.3633    0.4344
  weight sum         3284      1293      1547      1106
  precision        0.0527    0.0527    0.0527    0.0527

ag
  mean             0.0128    0.0159    0.0429    0.0134
  std. dev.        0.1977    0.2176    0.3838    0.2008
  weight sum         3284      1293      1547      1106
  precision        0.1145    0.1145    0.1145    0.1145

anyon
  mean              0.027    0.0333    0.0482    0.0484
  std. dev.        0.3029    0.3384    0.4022    0.4337
  weight sum         3284      1293      1547      1106
  precision        0.0672    0.0672    0.0672    0.0672

bus
  mean             0.0133    0.0243    0.0455    0.0286
  std. dev.        0.1983    0.2785    0.3913    0.3064
  weight sum         3284      1293      1547      1106
  precision        0.0814    0.0814    0.0814    0.0814

en
  mean             0.0295     0.048    0.0441    0.0248
  std. dev.         0.308    0.4009    0.3722    0.2786
  weight sum         3284      1293      1547      1106
  precision        0.0605    0.0605    0.0605    0.0605

footb
  mean             0.0359    0.0288    0.0443    0.0471
  std. dev.        0.3218    0.2932    0.3569    0.3727
  weight sum         3284      1293      1547      1106
  precision        0.0473    0.0473    0.0473    0.0473

im
  mean             0.0344    0.0471    0.0467     0.019
  std. dev.        0.3535    0.4037    0.4063    0.2594
  weight sum         3284      1293      1547      1106
  precision        0.0681    0.0681    0.0681    0.0681

leagu
  mean             0.0228    0.0228    0.0435    0.0439
  std. dev.        0.2616     0.264    0.3719    0.3595
  weight sum         3284      1293      1547      1106
  precision        0.0603    0.0603    0.0603    0.0603

nov
  mean             0.0316    0.0162    0.0525     0.103
  std. dev.        0.2876    0.2085     0.399    0.5365
  weight sum         3284      1293      1547      1106
  precision        0.0467    0.0467    0.0467    0.0467

october
  mean             0.0311     0.024    0.0423    0.1026
  std. dev.        0.2912    0.2533     0.369    0.5367
  weight sum         3284      1293      1547      1106
  precision        0.0467    0.0467    0.0467    0.0467

tick
  mean              0.039    0.0294    0.0483    0.0627
  std. dev.        0.3379    0.3162     0.376    0.4168
  weight sum         3284      1293      1547      1106
  precision        0.0475    0.0475    0.0475    0.0475

top
  mean             0.0271    0.0198    0.0465    0.0302
  std. dev.        0.3015     0.254    0.4005    0.2971
  weight sum         3284      1293      1547      1106
  precision        0.0639    0.0639    0.0639    0.0639

//dlvr
  mean             0.0076    0.0053    0.0291    0.0521
  std. dev.        0.1595    0.1345     0.318    0.4268
  weight sum         3284      1293      1547      1106
  precision        0.1394    0.1394    0.1394    0.1394

10
  mean             0.0308    0.0292    0.0339    0.0605
  std. dev.        0.3063    0.3189    0.3395    0.4327
  weight sum         3284      1293      1547      1106
  precision        0.0638    0.0638    0.0638    0.0638

30
  mean             0.0318    0.0335     0.037    0.0657
  std. dev.        0.3082    0.3257    0.3482    0.4505
  weight sum         3284      1293      1547      1106
  precision        0.0523    0.0523    0.0523    0.0523

august
  mean             0.0258    0.0021    0.0143    0.0584
  std. dev.        0.2868    0.0769    0.2162    0.4364
  weight sum         3284      1293      1547      1106
  precision        0.0988    0.0988    0.0988    0.0988

black
  mean             0.0252    0.0321     0.036    0.0591
  std. dev.        0.2914     0.325    0.3365    0.4324
  weight sum         3284      1293      1547      1106
  precision        0.0584    0.0584    0.0584    0.0584

check
  mean             0.0365    0.0181    0.0398    0.0707
  std. dev.        0.3475    0.2339    0.3766    0.4759
  weight sum         3284      1293      1547      1106
  precision        0.0586    0.0586    0.0586    0.0586

club
  mean             0.0266    0.0126    0.0295    0.0608
  std. dev.        0.2782    0.2058    0.3149    0.4339
  weight sum         3284      1293      1547      1106
  precision        0.0684    0.0684    0.0684    0.0684

head
  mean             0.0299    0.0265    0.0345    0.0472
  std. dev.        0.3121    0.3039    0.3546    0.3862
  weight sum         3284      1293      1547      1106
  precision         0.073     0.073     0.073     0.073

join
  mean             0.0311    0.0067    0.0303    0.0514
  std. dev.        0.3189    0.1729     0.335    0.4168
  weight sum         3284      1293      1547      1106
  precision        0.0869    0.0869    0.0869    0.0869

lin
  mean             0.0219     0.019    0.0208    0.0671
  std. dev.        0.2703    0.2448    0.2606    0.4774
  weight sum         3284      1293      1547      1106
  precision        0.0776    0.0776    0.0776    0.0776

london
  mean             0.0176    0.0259    0.0274    0.0645
  std. dev.        0.2339     0.284    0.3025    0.4623
  weight sum         3284      1293      1547      1106
  precision        0.0713    0.0713    0.0713    0.0713

oct
  mean             0.0194    0.0177    0.0246    0.0658
  std. dev.        0.2392    0.2515    0.2693    0.4664
  weight sum         3284      1293      1547      1106
  precision        0.0813    0.0813    0.0813    0.0813

open
  mean             0.0252    0.0141    0.0382    0.0801
  std. dev.        0.2768    0.2104    0.3635    0.5054
  weight sum         3284      1293      1547      1106
  precision        0.0675    0.0675    0.0675    0.0675

presid
  mean             0.0284    0.0181    0.0103    0.0447
  std. dev.        0.3166     0.254    0.1824    0.3807
  weight sum         3284      1293      1547      1106
  precision        0.0957    0.0957    0.0957    0.0957

san
  mean             0.0147    0.0083    0.0156     0.047
  std. dev.        0.2235    0.1772    0.2324    0.3935
  weight sum         3284      1293      1547      1106
  precision        0.1362    0.1362    0.1362    0.1362

star
  mean             0.0315    0.0213    0.0372    0.0572
  std. dev.         0.324     0.261    0.3391    0.4263
  weight sum         3284      1293      1547      1106
  precision         0.063     0.063     0.063     0.063

vi
  mean             0.0314     0.018    0.0393    0.0599
  std. dev.        0.3317    0.2523     0.358     0.465
  weight sum         3284      1293      1547      1106
  precision        0.0696    0.0696    0.0696    0.0696

york
  mean             0.0145    0.0132    0.0119    0.0623
  std. dev.        0.2184    0.2137    0.1916    0.4529
  weight sum         3284      1293      1547      1106
  precision        0.1055    0.1055    0.1055    0.1055



Time taken to build model: 0.25 seconds

=== Stratified cross-validation ===
=== Summary ===

Correctly Classified Instances        2611               36.1134 %
Incorrectly Classified Instances      4619               63.8866 %
Kappa statistic                          0.1767
Mean absolute error                      0.3198
Root mean squared error                  0.5593
Relative absolute error                 92.3422 %
Root relative squared error            134.4182 %
Total Number of Instances             7230     

=== Detailed Accuracy By Class ===

                 TP Rate  FP Rate  Precision  Recall   F-Measure  MCC      ROC Area  PRC Area  Class
                 0.337    0.087    0.764      0.337    0.467      0.311    0.673     0.640     positive
                 0.411    0.182    0.330      0.411    0.366      0.211    0.679     0.314     negative
                 0.103    0.075    0.272      0.103    0.150      0.042    0.567     0.249     neutral
                 0.735    0.452    0.227      0.735    0.347      0.204    0.709     0.282     objective
Weighted Avg.    0.361    0.157    0.499      0.361    0.363      0.219    0.657     0.443     

=== Confusion Matrix ===

    a    b    c    d   <-- classified as
 1106  611  225 1342 |    a = positive
  114  532  116  531 |    b = negative
  161  330  160  896 |    c = neutral
   67  139   87  813 |    d = objective

