=== Run information ===

Scheme:       weka.classifiers.bayes.NaiveBayes 
Relation:     opinion-weka.filters.unsupervised.attribute.StringToWordVector-R1-W100-prune-rate-1.0-C-T-I-N1-stemmerweka.core.stemmers.NullStemmer-stopwords-handlerweka.core.stopwords.Null-M1-tokenizerweka.core.tokenizers.WordTokenizer -delimiters " \r\n\t.,;:\'\"()?!"-weka.filters.unsupervised.attribute.Reorder-R2,3,4,5,6,7,8,9,10,11,12,13,14,15,16,17,18,19,20,21,22,23,24,25,26,27,28,29,30,31,32,33,34,35,36,37,38,39,40,41,42,43,44,45,46,47,48,49,50,51,52,53,54,55,56,57,58,59,60,61,62,63,64,65,66,67,68,69,70,71,72,73,74,75,76,77,78,79,80,81,82,83,84,85,86,87,88,89,90,91,92,93,94,95,96,97,98,99,100,101,102,103,104,105,106,107,108,109,110,111,112,113,114,115,116,117,118,119,120,121,122,123,124,125,126,127,128,129,130,131,132,133,134,135,136,137,138,139,140,141,142,143,144,145,146,147,148,149,150,151,152,153,154,155,156,157,158,159,160,161,162,163,164,165,166,167,168,169,170,171,172,173,174,175,176,1
Instances:    7230
Attributes:   176
              [list of attributes omitted]
Test mode:    10-fold cross-validation

=== Classifier model (full training set) ===

Naive Bayes Classifier

                   Class
Attribute       positive  negative   neutral objective
                  (0.45)    (0.18)    (0.21)    (0.15)
=======================================================
&
  mean              0.114     0.122    0.1108    0.1356
  std. dev.        0.4743    0.5477    0.4925    0.4996
  weight sum         3284      1293      1547      1106
  precision        0.0116    0.0116    0.0116    0.0116

-
  mean             0.1049    0.0687    0.1175    0.1971
  std. dev.        0.4644    0.3633    0.4741    0.5981
  weight sum         3284      1293      1547      1106
  precision        0.0115    0.0115    0.0115    0.0115

//bit
  mean             0.0628    0.0972    0.1093    0.2121
  std. dev.         0.384    0.5021    0.4917    0.6426
  weight sum         3284      1293      1547      1106
  precision        0.0154    0.0154    0.0154    0.0154

//fb
  mean             0.0709     0.018    0.1203    0.1356
  std. dev.        0.3877    0.2019    0.5293    0.5255
  weight sum         3284      1293      1547      1106
  precision        0.0164    0.0164    0.0164    0.0164

//instagr
  mean             0.0453         0    0.0282    0.0323
  std. dev.        0.3707    0.0107     0.301    0.3171
  weight sum         3284      1293      1547      1106
  precision        0.0643    0.0643    0.0643    0.0643

//www
  mean             0.0697    0.0558    0.0616    0.0908
  std. dev.        0.4294    0.4174    0.4212    0.4453
  weight sum         3284      1293      1547      1106
  precision        0.0255    0.0255    0.0255    0.0255

1
  mean             0.0319    0.0302    0.0555    0.0538
  std. dev.        0.2789    0.2748    0.3733    0.3771
  weight sum         3284      1293      1547      1106
  precision        0.0416    0.0416    0.0416    0.0416

1st
  mean             0.0885    0.1404    0.1108     0.088
  std. dev.        0.4711    0.5814    0.5247    0.4778
  weight sum         3284      1293      1547      1106
  precision        0.0163    0.0163    0.0163    0.0163

2
  mean             0.0664    0.0599    0.0655    0.0955
  std. dev.         0.411    0.3834    0.3829    0.4394
  weight sum         3284      1293      1547      1106
  precision        0.0227    0.0227    0.0227    0.0227

2nd
  mean             0.0656    0.0751    0.0649    0.0827
  std. dev.        0.4297    0.4308    0.4487    0.4822
  weight sum         3284      1293      1547      1106
  precision         0.028     0.028     0.028     0.028

3
  mean             0.0405     0.031    0.0435    0.0869
  std. dev.        0.3108     0.281    0.3222    0.4597
  weight sum         3284      1293      1547      1106
  precision        0.0335    0.0335    0.0335    0.0335

3rd
  mean             0.0505     0.073    0.0492    0.0605
  std. dev.        0.3693    0.4738    0.3769    0.4276
  weight sum         3284      1293      1547      1106
  precision        0.0365    0.0365    0.0365    0.0365

4
  mean              0.044    0.0423    0.0283    0.0589
  std. dev.        0.3327    0.3549    0.2561    0.3922
  weight sum         3284      1293      1547      1106
  precision        0.0396    0.0396    0.0396    0.0396

4th
  mean             0.0402     0.054    0.0411    0.0574
  std. dev.        0.3463    0.4302    0.3565    0.4287
  weight sum         3284      1293      1547      1106
  precision        0.0504    0.0504    0.0504    0.0504

@
  mean             0.0356    0.0059     0.058    0.0603
  std. dev.        0.2841    0.1215    0.3959    0.3914
  weight sum         3284      1293      1547      1106
  precision        0.0416    0.0416    0.0416    0.0416

back
  mean             0.0658    0.0721    0.0668    0.0333
  std. dev.        0.4104    0.4162     0.415    0.2682
  weight sum         3284      1293      1547      1106
  precision        0.0269    0.0269    0.0269    0.0269

big
  mean             0.0731    0.0317    0.0403    0.0363
  std. dev.        0.4401     0.295    0.3473    0.3159
  weight sum         3284      1293      1547      1106
  precision        0.0339    0.0339    0.0339    0.0339

birthdai
  mean             0.0569    0.0095    0.0138     0.007
  std. dev.        0.4061     0.153    0.2446     0.135
  weight sum         3284      1293      1547      1106
  precision        0.0665    0.0665    0.0665    0.0665

can
  mean             0.0952    0.0767    0.0145    0.0051
  std. dev.        0.4575    0.4103     0.174    0.1047
  weight sum         3284      1293      1547      1106
  precision        0.0214    0.0214    0.0214    0.0214

celebr
  mean              0.043     0.014    0.0123    0.0092
  std. dev.        0.3638    0.2321    0.1864    0.1838
  weight sum         3284      1293      1547      1106
  precision         0.087     0.087     0.087     0.087

come
  mean             0.0525    0.0292    0.0459    0.0434
  std. dev.        0.3619    0.2688     0.359    0.3402
  weight sum         3284      1293      1547      1106
  precision         0.038     0.038     0.038     0.038

concert
  mean             0.0387    0.0087    0.0287    0.0214
  std. dev.        0.3497    0.1593    0.3089    0.2583
  weight sum         3284      1293      1547      1106
  precision        0.0753    0.0753    0.0753    0.0753

d
  mean             0.0584    0.0344    0.0251    0.0186
  std. dev.        0.3972    0.3089     0.244     0.226
  weight sum         3284      1293      1547      1106
  precision         0.042     0.042     0.042     0.042

day
  mean             0.0699    0.0622    0.0266    0.0371
  std. dev.        0.4475    0.4125    0.2954    0.3222
  weight sum         3284      1293      1547      1106
  precision        0.0371    0.0371    0.0371    0.0371

don
  mean             0.0501    0.1222    0.0376    0.0123
  std. dev.        0.3362    0.5253    0.3045    0.1733
  weight sum         3284      1293      1547      1106
  precision         0.024     0.024     0.024     0.024

enjoi
  mean             0.0423    0.0031    0.0033    0.0023
  std. dev.        0.3485    0.1109    0.0909    0.0773
  weight sum         3284      1293      1547      1106
  precision        0.0886    0.0886    0.0886    0.0886

excit
  mean             0.0859     0.006    0.0051    0.0015
  std. dev.        0.4969    0.1264    0.1012    0.0484
  weight sum         3284      1293      1547      1106
  precision        0.0474    0.0474    0.0474    0.0474

free
  mean             0.0303     0.002    0.0257    0.0496
  std. dev.        0.2937    0.0708    0.2766    0.4083
  weight sum         3284      1293      1547      1106
  precision        0.0772    0.0772    0.0772    0.0772

fridai
  mean             0.0753    0.0493    0.0926    0.0869
  std. dev.        0.4288    0.3613     0.498    0.4723
  weight sum         3284      1293      1547      1106
  precision        0.0227    0.0227    0.0227    0.0227

friday
  mean             0.0532    0.0342    0.0497    0.0522
  std. dev.        0.3878    0.3149    0.3972    0.3665
  weight sum         3284      1293      1547      1106
  precision        0.0416    0.0416    0.0416    0.0416

fun
  mean             0.0476    0.0015    0.0017    0.0035
  std. dev.        0.3777    0.0546    0.0652    0.0819
  weight sum         3284      1293      1547      1106
  precision        0.0855    0.0855    0.0855    0.0855

game
  mean             0.1126    0.0935    0.1301    0.1326
  std. dev.        0.5186    0.4399    0.5784    0.5467
  weight sum         3284      1293      1547      1106
  precision        0.0143    0.0143    0.0143    0.0143

girl
  mean             0.0514    0.0239    0.0198    0.0141
  std. dev.        0.3896    0.2536    0.2543    0.1958
  weight sum         3284      1293      1547      1106
  precision        0.0577    0.0577    0.0577    0.0577

gonna
  mean             0.0544    0.0489    0.0423    0.0216
  std. dev.        0.3698    0.3443    0.3385    0.2446
  weight sum         3284      1293      1547      1106
  precision        0.0368    0.0368    0.0368    0.0368

gui
  mean             0.0335    0.0358    0.0382    0.0202
  std. dev.        0.3138    0.3114    0.3357    0.2501
  weight sum         3284      1293      1547      1106
  precision        0.0549    0.0549    0.0549    0.0549

happi
  mean               0.11    0.0173    0.0053    0.0104
  std. dev.        0.5417    0.2427    0.1196    0.2032
  weight sum         3284      1293      1547      1106
  precision        0.0355    0.0355    0.0355    0.0355

he
  mean             0.0345    0.0596    0.0384    0.0135
  std. dev.        0.3092    0.3927    0.3223    0.1849
  weight sum         3284      1293      1547      1106
  precision        0.0479    0.0479    0.0479    0.0479

hope
  mean             0.0785    0.0443    0.0358    0.0052
  std. dev.        0.4595    0.3737    0.3468    0.1003
  weight sum         3284      1293      1547      1106
  precision        0.0371    0.0371    0.0371    0.0371

http
  mean               0.19    0.1436    0.2854    0.4534
  std. dev.        0.5253    0.4334    0.6131    0.6804
  weight sum         3284      1293      1547      1106
  precision        0.0038    0.0038    0.0038    0.0038

i
  mean             0.1425    0.1901    0.1276    0.0876
  std. dev.         0.483    0.5558    0.4818    0.3858
  weight sum         3284      1293      1547      1106
  precision        0.0085    0.0085    0.0085    0.0085

it
  mean             0.1414    0.1451    0.1032    0.0478
  std. dev.        0.5345    0.5545    0.4939    0.3215
  weight sum         3284      1293      1547      1106
  precision        0.0115    0.0115    0.0115    0.0115

know
  mean             0.0521     0.084    0.0936    0.0353
  std. dev.        0.3709    0.4623    0.5097    0.2963
  weight sum         3284      1293      1547      1106
  precision        0.0274    0.0274    0.0274    0.0274

life
  mean             0.0317    0.0427    0.0168    0.0219
  std. dev.        0.3079    0.3535    0.2386    0.2304
  weight sum         3284      1293      1547      1106
  precision        0.0665    0.0665    0.0665    0.0665

live
  mean             0.0481     0.027    0.0529    0.0904
  std. dev.        0.3541    0.2579    0.3822     0.452
  weight sum         3284      1293      1547      1106
  precision        0.0317    0.0317    0.0317    0.0317

ll
  mean             0.0747    0.0594    0.0582    0.0378
  std. dev.         0.403    0.3475    0.3601    0.2809
  weight sum         3284      1293      1547      1106
  precision        0.0188    0.0188    0.0188    0.0188

lol
  mean             0.0655    0.0451    0.0386    0.0103
  std. dev.        0.4432    0.3679    0.3408    0.1842
  weight sum         3284      1293      1547      1106
  precision        0.0431    0.0431    0.0431    0.0431

look
  mean             0.0991    0.0675    0.0553    0.0373
  std. dev.        0.5162    0.4224    0.3535    0.3515
  weight sum         3284      1293      1547      1106
  precision        0.0241    0.0241    0.0241    0.0241

love
  mean             0.1623     0.023    0.0282    0.0148
  std. dev.        0.6277    0.2276    0.2604    0.1917
  weight sum         3284      1293      1547      1106
  precision        0.0199    0.0199    0.0199    0.0199

m
  mean             0.1057    0.1452    0.1015    0.0855
  std. dev.        0.4466    0.5355    0.4646    0.4302
  weight sum         3284      1293      1547      1106
  precision        0.0113    0.0113    0.0113    0.0113

man
  mean              0.048    0.0362    0.0309    0.0334
  std. dev.        0.3821    0.3442     0.318    0.3301
  weight sum         3284      1293      1547      1106
  precision         0.055     0.055     0.055     0.055

march
  mean             0.0426    0.0351    0.0323      0.03
  std. dev.        0.3716    0.3453    0.3216    0.3295
  weight sum         3284      1293      1547      1106
  precision        0.0606    0.0606    0.0606    0.0606

meet
  mean             0.0339    0.0153     0.028    0.0504
  std. dev.        0.3062    0.1954    0.2989    0.3664
  weight sum         3284      1293      1547      1106
  precision        0.0539    0.0539    0.0539    0.0539

mondai
  mean             0.0437    0.0472     0.069    0.0551
  std. dev.        0.3291    0.3746    0.4494    0.3604
  weight sum         3284      1293      1547      1106
  precision        0.0352    0.0352    0.0352    0.0352

morn
  mean             0.0519    0.0579    0.0398      0.03
  std. dev.        0.3741    0.4175    0.3464    0.2846
  weight sum         3284      1293      1547      1106
  precision        0.0402    0.0402    0.0402    0.0402

movi
  mean              0.039    0.0311    0.0452    0.0247
  std. dev.         0.358    0.3106    0.3765    0.2695
  weight sum         3284      1293      1547      1106
  precision        0.0591    0.0591    0.0591    0.0591

night
  mean             0.1739    0.1323     0.173     0.144
  std. dev.        0.6199    0.5081    0.6314    0.5573
  weight sum         3284      1293      1547      1106
  precision        0.0092    0.0092    0.0092    0.0092

novemb
  mean             0.0355    0.0185    0.0481    0.0529
  std. dev.        0.3186    0.2446    0.3787    0.3646
  weight sum         3284      1293      1547      1106
  precision        0.0488    0.0488    0.0488    0.0488

now
  mean             0.0322    0.0485    0.0416    0.0224
  std. dev.        0.2963    0.3737    0.3508    0.2456
  weight sum         3284      1293      1547      1106
  precision        0.0504    0.0504    0.0504    0.0504

oh
  mean             0.0366    0.0329    0.0288    0.0048
  std. dev.        0.3284    0.3216    0.3116    0.1133
  weight sum         3284      1293      1547      1106
  precision        0.0684    0.0684    0.0684    0.0684

open
  mean             0.0308    0.0189    0.0358    0.0897
  std. dev.        0.2834    0.2233    0.3116    0.4725
  weight sum         3284      1293      1547      1106
  precision        0.0428    0.0428    0.0428    0.0428

parti
  mean              0.031    0.0254    0.0342    0.0439
  std. dev.        0.2919    0.2604    0.3143    0.3379
  weight sum         3284      1293      1547      1106
  precision        0.0526    0.0526    0.0526    0.0526

pic
  mean             0.0467    0.0448    0.0553    0.0524
  std. dev.        0.3505    0.3498    0.3749    0.3578
  weight sum         3284      1293      1547      1106
  precision        0.0386    0.0386    0.0386    0.0386

plai
  mean             0.0644    0.0857    0.0806    0.0982
  std. dev.        0.4024    0.4817     0.454    0.4653
  weight sum         3284      1293      1547      1106
  precision        0.0216    0.0216    0.0216    0.0216

r
  mean             0.0474    0.0265    0.0318    0.0385
  std. dev.        0.3222    0.2437    0.2588    0.3181
  weight sum         3284      1293      1547      1106
  precision        0.0377    0.0377    0.0377    0.0377

right
  mean             0.0355     0.047    0.0489    0.0157
  std. dev.        0.3117    0.3581    0.3967    0.2225
  weight sum         3284      1293      1547      1106
  precision         0.052     0.052     0.052     0.052

rt
  mean             0.0458    0.0455    0.0619    0.0544
  std. dev.        0.3507    0.3488    0.4198    0.3802
  weight sum         3284      1293      1547      1106
  precision        0.0363    0.0363    0.0363    0.0363

sat
  mean              0.039    0.0796    0.0459    0.0552
  std. dev.        0.3377    0.4911     0.363    0.4103
  weight sum         3284      1293      1547      1106
  precision        0.0416    0.0416    0.0416    0.0416

saturdai
  mean             0.0664    0.0622    0.0854    0.0989
  std. dev.        0.3953    0.4114    0.4971    0.5085
  weight sum         3284      1293      1547      1106
  precision        0.0237    0.0237    0.0237    0.0237

saturday
  mean             0.0453    0.0365    0.0601    0.0585
  std. dev.        0.3459    0.3197    0.4323      0.41
  weight sum         3284      1293      1547      1106
  precision        0.0409    0.0409    0.0409    0.0409

season
  mean             0.0549    0.0416     0.043    0.0682
  std. dev.        0.3803    0.3421    0.3275    0.3983
  weight sum         3284      1293      1547      1106
  precision        0.0321    0.0321    0.0321    0.0321

song
  mean             0.0434    0.0179    0.0137    0.0307
  std. dev.        0.3752    0.2205    0.2057    0.3115
  weight sum         3284      1293      1547      1106
  precision        0.0674    0.0674    0.0674    0.0674

start
  mean              0.061    0.0461    0.0516    0.0591
  std. dev.         0.389    0.3475    0.3687    0.3852
  weight sum         3284      1293      1547      1106
  precision        0.0292    0.0292    0.0292    0.0292

sun
  mean             0.0488    0.0399    0.0871    0.0616
  std. dev.        0.3765    0.3546    0.5488    0.4184
  weight sum         3284      1293      1547      1106
  precision        0.0392    0.0392    0.0392    0.0392

sundai
  mean             0.0807    0.0466    0.0838    0.0749
  std. dev.        0.4498    0.3272    0.5009     0.428
  weight sum         3284      1293      1547      1106
  precision        0.0237    0.0237    0.0237    0.0237

sunday
  mean              0.051    0.0689    0.0428    0.0594
  std. dev.        0.3766    0.4453    0.3313    0.4242
  weight sum         3284      1293      1547      1106
  precision        0.0365    0.0365    0.0365    0.0365

super
  mean              0.037    0.0112    0.0191    0.0264
  std. dev.        0.3325    0.1649    0.2485    0.2795
  weight sum         3284      1293      1547      1106
  precision        0.0736    0.0736    0.0736    0.0736

sure
  mean             0.0371    0.0192    0.0217    0.0105
  std. dev.        0.3397    0.2323    0.2734    0.1567
  weight sum         3284      1293      1547      1106
  precision        0.0798    0.0798    0.0798    0.0798

t
  mean             0.1339    0.2749    0.0708    0.0374
  std. dev.          0.44    0.6495     0.334    0.2744
  weight sum         3284      1293      1547      1106
  precision        0.0082    0.0082    0.0082    0.0082

team
  mean             0.0474    0.0342    0.0417    0.0476
  std. dev.        0.3527    0.3018    0.3326    0.3586
  weight sum         3284      1293      1547      1106
  precision        0.0386    0.0386    0.0386    0.0386

thank
  mean             0.0756    0.0132    0.0179    0.0115
  std. dev.        0.4852    0.2203    0.2396     0.224
  weight sum         3284      1293      1547      1106
  precision         0.055     0.055     0.055     0.055

that
  mean              0.055    0.0481    0.0444    0.0237
  std. dev.        0.4042    0.3711    0.3757    0.2601
  weight sum         3284      1293      1547      1106
  precision        0.0435    0.0435    0.0435    0.0435

there
  mean              0.033     0.015    0.0406    0.0289
  std. dev.        0.3016    0.2104    0.3655    0.3008
  weight sum         3284      1293      1547      1106
  precision        0.0638    0.0638    0.0638    0.0638

think
  mean             0.0589    0.0847    0.0804    0.0258
  std. dev.        0.3959    0.4827     0.463    0.2805
  weight sum         3284      1293      1547      1106
  precision        0.0288    0.0288    0.0288    0.0288

thursdai
  mean             0.0374    0.0398    0.0444    0.0706
  std. dev.        0.3245    0.3265    0.3651    0.4339
  weight sum         3284      1293      1547      1106
  precision        0.0435    0.0435    0.0435    0.0435

todai
  mean             0.0615    0.0849    0.0706    0.0728
  std. dev.         0.401    0.4758    0.4388    0.4563
  weight sum         3284      1293      1547      1106
  precision        0.0263    0.0263    0.0263    0.0263

today
  mean             0.0759     0.056    0.0645    0.0428
  std. dev.        0.4526    0.3788    0.4378    0.3448
  weight sum         3284      1293      1547      1106
  precision        0.0292    0.0292    0.0292    0.0292

tomorrow
  mean             0.3011    0.2406     0.301    0.2555
  std. dev.        0.7765    0.6973    0.8653    0.8017
  weight sum         3284      1293      1547      1106
  precision        0.0054    0.0054    0.0054    0.0054

tonight
  mean             0.1762     0.118    0.1189    0.1213
  std. dev.         0.648    0.5187    0.5375    0.5299
  weight sum         3284      1293      1547      1106
  precision        0.0116    0.0116    0.0116    0.0116

tv
  mean             0.0359    0.0262    0.0261    0.0256
  std. dev.        0.3317    0.2653     0.269    0.2586
  weight sum         3284      1293      1547      1106
  precision         0.058     0.058     0.058     0.058

twitter
  mean             0.0501    0.0526    0.0582     0.047
  std. dev.         0.348    0.3834    0.3871    0.3286
  weight sum         3284      1293      1547      1106
  precision        0.0352    0.0352    0.0352    0.0352

v
  mean             0.0553    0.0269    0.0338    0.0237
  std. dev.        0.3831    0.2529    0.3137    0.2599
  weight sum         3284      1293      1547      1106
  precision        0.0395    0.0395    0.0395    0.0395

wait
  mean             0.1036    0.0495    0.0236    0.0099
  std. dev.        0.4858    0.3267     0.261    0.1381
  weight sum         3284      1293      1547      1106
  precision        0.0263    0.0263    0.0263    0.0263

watch
  mean             0.1204    0.1016    0.1097    0.0653
  std. dev.        0.5387    0.4559    0.5114    0.3846
  weight sum         3284      1293      1547      1106
  precision        0.0148    0.0148    0.0148    0.0148

we
  mean             0.0509    0.0132      0.03    0.0246
  std. dev.        0.3466    0.1689    0.2665      0.24
  weight sum         3284      1293      1547      1106
  precision        0.0332    0.0332    0.0332    0.0332

weekend
  mean              0.039     0.011    0.0339    0.0343
  std. dev.        0.3407    0.1794    0.3167    0.3268
  weight sum         3284      1293      1547      1106
  precision         0.063     0.063     0.063     0.063

win
  mean             0.0829      0.05    0.0425    0.0241
  std. dev.        0.4749    0.4146    0.3288    0.2181
  weight sum         3284      1293      1547      1106
  precision        0.0311    0.0311    0.0311    0.0311

wish
  mean             0.0406    0.0206    0.0113         0
  std. dev.        0.3457     0.269    0.2022    0.0138
  weight sum         3284      1293      1547      1106
  precision        0.0825    0.0825    0.0825    0.0825

work
  mean             0.0508    0.0524    0.0397    0.0531
  std. dev.        0.3853    0.3815    0.3354    0.3838
  weight sum         3284      1293      1547      1106
  precision        0.0386    0.0386    0.0386    0.0386

world
  mean             0.0405    0.0652      0.03    0.0517
  std. dev.        0.3355    0.4469    0.2885    0.3966
  weight sum         3284      1293      1547      1106
  precision        0.0431    0.0431    0.0431    0.0431

you
  mean             0.0685    0.0416    0.0372     0.029
  std. dev.        0.4013     0.309    0.3134     0.263
  weight sum         3284      1293      1547      1106
  precision        0.0303    0.0303    0.0303    0.0303

ass
  mean             0.0128    0.0387    0.0043    0.0037
  std. dev.        0.2003    0.3566    0.1186    0.1215
  weight sum         3284      1293      1547      1106
  precision        0.1347    0.1347    0.1347    0.1347

bad
  mean             0.0162    0.0798     0.008    0.0085
  std. dev.        0.2165    0.4706    0.1426    0.1443
  weight sum         3284      1293      1547      1106
  precision         0.076     0.076     0.076     0.076

c
  mean             0.0149    0.0364     0.026    0.0323
  std. dev.        0.2253    0.3191    0.2784    0.3115
  weight sum         3284      1293      1547      1106
  precision        0.0903    0.0903    0.0903    0.0903

call
  mean             0.0182    0.0499    0.0431    0.0313
  std. dev.        0.2297    0.3932    0.3551    0.2951
  weight sum         3284      1293      1547      1106
  precision         0.056     0.056     0.056     0.056

cancel
  mean             0.0036    0.0489    0.0053    0.0038
  std. dev.        0.1051    0.4016     0.149    0.1259
  weight sum         3284      1293      1547      1106
  precision        0.1994    0.1994    0.1994    0.1994

damn
  mean             0.0141    0.0403     0.017         0
  std. dev.        0.2273    0.3534     0.254    0.0216
  weight sum         3284      1293      1547      1106
  precision        0.1294    0.1294    0.1294    0.1294

didn
  mean             0.0113    0.0462    0.0129     0.003
  std. dev.        0.1805    0.3718    0.1927    0.0989
  weight sum         3284      1293      1547      1106
  precision        0.0914    0.0914    0.0914    0.0914

doesn
  mean             0.0107    0.0488    0.0221     0.004
  std. dev.         0.171    0.3785    0.2674    0.1326
  weight sum         3284      1293      1547      1106
  precision        0.1003    0.1003    0.1003    0.1003

feel
  mean              0.034    0.0686      0.03    0.0049
  std. dev.        0.3337    0.4594    0.3114    0.1177
  weight sum         3284      1293      1547      1106
  precision        0.0606    0.0606    0.0606    0.0606

fuck
  mean             0.0186    0.1198    0.0145    0.0059
  std. dev.        0.2355    0.6134    0.2211    0.1405
  weight sum         3284      1293      1547      1106
  precision        0.0622    0.0622    0.0622    0.0622

hate
  mean             0.0072    0.0488    0.0097         0
  std. dev.        0.1574    0.4015    0.1724    0.0257
  weight sum         3284      1293      1547      1106
  precision        0.1544    0.1544    0.1544    0.1544

haven
  mean             0.0126    0.0408    0.0108    0.0056
  std. dev.        0.1947     0.362    0.1935    0.1314
  weight sum         3284      1293      1547      1106
  precision        0.1233    0.1233    0.1233    0.1233

home
  mean             0.0301     0.069    0.0361    0.0239
  std. dev.        0.3065    0.4981    0.3509    0.2537
  weight sum         3284      1293      1547      1106
  precision        0.0591    0.0591    0.0591    0.0591

kill
  mean              0.009    0.0557    0.0239         0
  std. dev.        0.1742     0.434    0.2885     0.021
  weight sum         3284      1293      1547      1106
  precision         0.126     0.126     0.126     0.126

knick
  mean             0.0238    0.0334     0.019    0.0311
  std. dev.        0.2874    0.3229    0.2393    0.3146
  weight sum         3284      1293      1547      1106
  precision        0.0767    0.0767    0.0767    0.0767

lost
  mean             0.0084     0.041    0.0122    0.0076
  std. dev.         0.165    0.3833    0.2164     0.178
  weight sum         3284      1293      1547      1106
  precision        0.1709    0.1709    0.1709    0.1709

me
  mean             0.0291    0.0439    0.0395    0.0079
  std. dev.        0.2857    0.3758    0.3388    0.1329
  weight sum         3284      1293      1547      1106
  precision         0.063     0.063     0.063     0.063

miss
  mean             0.0116    0.0593    0.0319         0
  std. dev.        0.1901    0.4304     0.311    0.0153
  weight sum         3284      1293      1547      1106
  precision         0.092     0.092     0.092     0.092

mon
  mean             0.0129    0.0337    0.0341    0.0286
  std. dev.           0.2    0.3037    0.3329    0.3011
  weight sum         3284      1293      1547      1106
  precision        0.0886    0.0886    0.0886    0.0886

nigga
  mean              0.009    0.0515    0.0151         0
  std. dev.        0.1761     0.422    0.2264    0.0242
  weight sum         3284      1293      1547      1106
  precision         0.145     0.145     0.145     0.145

obama
  mean             0.0103    0.0465    0.0251    0.0202
  std. dev.        0.1893    0.4022    0.3049    0.2566
  weight sum         3284      1293      1547      1106
  precision        0.1197    0.1197    0.1197    0.1197

peopl
  mean             0.0224    0.0574    0.0292    0.0159
  std. dev.        0.2757    0.4155    0.3152    0.2392
  weight sum         3284      1293      1547      1106
  precision        0.0798    0.0798    0.0798    0.0798

put
  mean             0.0162    0.0448    0.0096    0.0155
  std. dev.        0.2277    0.3857    0.1887    0.2315
  weight sum         3284      1293      1547      1106
  precision         0.114     0.114     0.114     0.114

run
  mean             0.0172    0.0569    0.0357    0.0353
  std. dev.        0.2257    0.4374    0.3368    0.3328
  weight sum         3284      1293      1547      1106
  precision        0.0665    0.0665    0.0665    0.0665

sad
  mean              0.004    0.0452    0.0052    0.0025
  std. dev.        0.1169    0.3895    0.1462    0.0839
  weight sum         3284      1293      1547      1106
  precision        0.1994    0.1994    0.1994    0.1994

sai
  mean             0.0207    0.0568    0.0333    0.0422
  std. dev.        0.2381     0.421    0.3043    0.3692
  weight sum         3284      1293      1547      1106
  precision        0.0577    0.0577    0.0577    0.0577

school
  mean             0.0372    0.0578    0.0295    0.0182
  std. dev.        0.3522    0.4293     0.307    0.2299
  weight sum         3284      1293      1547      1106
  precision         0.063     0.063     0.063     0.063

shit
  mean             0.0168    0.0843    0.0181         0
  std. dev.        0.2322    0.5043    0.2406    0.0133
  weight sum         3284      1293      1547      1106
  precision        0.0798    0.0798    0.0798    0.0798

talk
  mean             0.0203    0.0473    0.0451    0.0381
  std. dev.        0.2517    0.3719     0.369    0.2989
  weight sum         3284      1293      1547      1106
  precision        0.0584    0.0584    0.0584    0.0584

time
  mean             0.0309    0.0508    0.0287    0.0568
  std. dev.        0.3002    0.3973    0.2996    0.4057
  weight sum         3284      1293      1547      1106
  precision        0.0577    0.0577    0.0577    0.0577

try
  mean             0.0202    0.0385    0.0309    0.0196
  std. dev.        0.2487    0.3495    0.3329    0.2505
  weight sum         3284      1293      1547      1106
  precision        0.0886    0.0886    0.0886    0.0886

won
  mean             0.0165    0.0346    0.0089    0.0072
  std. dev.        0.2255    0.3136    0.1576     0.171
  weight sum         3284      1293      1547      1106
  precision        0.1111    0.1111    0.1111    0.1111

//ow
  mean             0.0173    0.0137     0.041    0.0607
  std. dev.        0.2311    0.1924    0.3472    0.4346
  weight sum         3284      1293      1547      1106
  precision        0.0726    0.0726    0.0726    0.0726

2012
  mean             0.0179    0.0062    0.0498    0.0768
  std. dev.        0.2198    0.1119    0.3622    0.4429
  weight sum         3284      1293      1547      1106
  precision        0.0606    0.0606    0.0606    0.0606

30
  mean             0.0298    0.0301    0.0334    0.0591
  std. dev.        0.2926    0.2908    0.3149    0.4075
  weight sum         3284      1293      1547      1106
  precision        0.0544    0.0544    0.0544    0.0544

5
  mean             0.0328    0.0318    0.0373    0.0626
  std. dev.        0.3158    0.3007    0.3337    0.4161
  weight sum         3284      1293      1547      1106
  precision        0.0526    0.0526    0.0526    0.0526

6
  mean             0.0273    0.0232    0.0446    0.0478
  std. dev.        0.2809    0.2677    0.3707    0.3255
  weight sum         3284      1293      1547      1106
  precision        0.0563    0.0563    0.0563    0.0563

7
  mean             0.0243    0.0344    0.0452    0.0575
  std. dev.        0.2607    0.3253    0.3701    0.4189
  weight sum         3284      1293      1547      1106
  precision         0.055     0.055     0.055     0.055

8
  mean             0.0209    0.0134    0.0352    0.0389
  std. dev.        0.2402    0.2233    0.3201     0.325
  weight sum         3284      1293      1547      1106
  precision        0.0736    0.0736    0.0736    0.0736

black
  mean             0.0242    0.0295    0.0312    0.0551
  std. dev.        0.2829    0.3041    0.3019    0.4028
  weight sum         3284      1293      1547      1106
  precision        0.0656    0.0656    0.0656    0.0656

check
  mean             0.0328    0.0155    0.0345    0.0605
  std. dev.        0.3132    0.1993    0.3269    0.4102
  weight sum         3284      1293      1547      1106
  precision        0.0557    0.0557    0.0557    0.0557

find
  mean             0.0288    0.0267    0.0413    0.0363
  std. dev.        0.3191     0.296    0.3715     0.342
  weight sum         3284      1293      1547      1106
  precision        0.0748    0.0748    0.0748    0.0748

footbal
  mean             0.0273    0.0166    0.0354    0.0449
  std. dev.         0.282    0.2005    0.3199     0.357
  weight sum         3284      1293      1547      1106
  precision        0.0614    0.0614    0.0614    0.0614

leagu
  mean             0.0161    0.0221     0.036    0.0381
  std. dev.        0.2171    0.2702    0.3339    0.3333
  weight sum         3284      1293      1547      1106
  precision        0.0798    0.0798    0.0798    0.0798

monday
  mean             0.0237    0.0376     0.038    0.0524
  std. dev.        0.2672    0.3586    0.3487    0.3947
  weight sum         3284      1293      1547      1106
  precision         0.063     0.063     0.063     0.063

new
  mean             0.0228    0.0303    0.0408    0.0374
  std. dev.        0.2693    0.3062    0.3752    0.3452
  weight sum         3284      1293      1547      1106
  precision        0.0736    0.0736    0.0736    0.0736

nov
  mean             0.0264    0.0148     0.048    0.0828
  std. dev.        0.2572    0.2033    0.3761    0.4384
  weight sum         3284      1293      1547      1106
  precision        0.0509    0.0509    0.0509    0.0509

octob
  mean             0.0254    0.0197    0.0435    0.0997
  std. dev.        0.2523    0.2447    0.3786    0.5358
  weight sum         3284      1293      1547      1106
  precision        0.0509    0.0509    0.0509    0.0509

set
  mean             0.0166    0.0278    0.0464    0.0461
  std. dev.        0.2309    0.2929    0.3952    0.3776
  weight sum         3284      1293      1547      1106
  precision        0.0772    0.0772    0.0772    0.0772

state
  mean             0.0259    0.0188    0.0389    0.0492
  std. dev.        0.2726      0.23     0.346    0.4058
  weight sum         3284      1293      1547      1106
  precision        0.0604    0.0604    0.0604    0.0604

ticket
  mean             0.0351    0.0211    0.0452    0.0593
  std. dev.        0.3271    0.2511    0.3598    0.3998
  weight sum         3284      1293      1547      1106
  precision        0.0504    0.0504    0.0504    0.0504

top
  mean             0.0228    0.0132    0.0383    0.0215
  std. dev.        0.2693    0.1977    0.3723    0.2411
  weight sum         3284      1293      1547      1106
  precision         0.092     0.092     0.092     0.092

wednesdai
  mean             0.0294    0.0368    0.0473    0.0189
  std. dev.        0.3173    0.3593    0.4003     0.257
  weight sum         3284      1293      1547      1106
  precision        0.0748    0.0748    0.0748    0.0748

who
  mean             0.0147    0.0096    0.0463    0.0375
  std. dev.        0.2207    0.1771    0.3927    0.3664
  weight sum         3284      1293      1547      1106
  precision        0.0914    0.0914    0.0914    0.0914

//dlvr
  mean             0.0074    0.0043    0.0278    0.0482
  std. dev.        0.1543    0.1083    0.3045    0.3944
  weight sum         3284      1293      1547      1106
  precision        0.1448    0.1448    0.1448    0.1448

//tinyurl
  mean             0.0032    0.0106    0.0238    0.0439
  std. dev.        0.1074    0.1963    0.3001    0.3958
  weight sum         3284      1293      1547      1106
  precision        0.1786    0.1786    0.1786    0.1786

10
  mean             0.0311    0.0293    0.0345    0.0559
  std. dev.        0.3113    0.3196    0.3465    0.3993
  weight sum         3284      1293      1547      1106
  precision        0.0606    0.0606    0.0606    0.0606

15
  mean             0.0195    0.0028    0.0156    0.0388
  std. dev.        0.2466    0.1024    0.2345     0.365
  weight sum         3284      1293      1547      1106
  precision        0.1151    0.1151    0.1151    0.1151

august
  mean             0.0266    0.0025    0.0155    0.0579
  std. dev.        0.3001    0.0897    0.2323    0.4326
  weight sum         3284      1293      1547      1106
  precision        0.1041    0.1041    0.1041    0.1041

club
  mean             0.0264    0.0121    0.0298    0.0619
  std. dev.        0.2784    0.1962     0.315    0.4409
  weight sum         3284      1293      1547      1106
  precision        0.0672    0.0672    0.0672    0.0672

david
  mean             0.0163    0.0198    0.0274    0.0401
  std. dev.        0.2282    0.2553    0.3016    0.3479
  weight sum         3284      1293      1547      1106
  precision         0.084     0.084     0.084     0.084

head
  mean             0.0297     0.026    0.0326    0.0495
  std. dev.        0.3153    0.2973    0.3442    0.4147
  weight sum         3284      1293      1547      1106
  precision        0.0748    0.0748    0.0748    0.0748

join
  mean             0.0291    0.0064    0.0274    0.0486
  std. dev.        0.3046    0.1646    0.3051    0.3945
  weight sum         3284      1293      1547      1106
  precision        0.0811    0.0811    0.0811    0.0811

launch
  mean             0.0048     0.006    0.0129    0.0373
  std. dev.        0.1121    0.1525    0.2094    0.3478
  weight sum         3284      1293      1547      1106
  precision        0.1757    0.1757    0.1757    0.1757

line
  mean             0.0145    0.0123    0.0175    0.0573
  std. dev.        0.2215    0.1818    0.2308    0.4425
  weight sum         3284      1293      1547      1106
  precision        0.1064    0.1064    0.1064    0.1064

london
  mean             0.0172    0.0253    0.0281    0.0614
  std. dev.        0.2286     0.277    0.3097    0.4387
  weight sum         3284      1293      1547      1106
  precision        0.0679    0.0679    0.0679    0.0679

michael
  mean             0.0117    0.0188     0.021    0.0428
  std. dev.        0.1953    0.2423    0.2644    0.3675
  weight sum         3284      1293      1547      1106
  precision        0.0983    0.0983    0.0983    0.0983

oct
  mean              0.019    0.0158    0.0239    0.0609
  std. dev.        0.2363    0.2252    0.2626    0.4362
  weight sum         3284      1293      1547      1106
  precision        0.0798    0.0798    0.0798    0.0798

perform
  mean             0.0236    0.0099      0.02    0.0445
  std. dev.        0.2815    0.1795    0.2523    0.3745
  weight sum         3284      1293      1547      1106
  precision        0.0886    0.0886    0.0886    0.0886

san
  mean             0.0127    0.0053    0.0152    0.0453
  std. dev.        0.1959    0.1354    0.2268     0.379
  weight sum         3284      1293      1547      1106
  precision        0.1208    0.1208    0.1208    0.1208

star
  mean             0.0281    0.0207    0.0259    0.0576
  std. dev.        0.2991    0.2744     0.273    0.4335
  weight sum         3284      1293      1547      1106
  precision        0.0684    0.0684    0.0684    0.0684

thursday
  mean             0.0305    0.0219    0.0326    0.0703
  std. dev.        0.3131    0.2738    0.3387    0.4691
  weight sum         3284      1293      1547      1106
  precision        0.0665    0.0665    0.0665    0.0665

tuesdai
  mean             0.0313    0.0329     0.031    0.0576
  std. dev.        0.3334    0.3447    0.3317    0.4455
  weight sum         3284      1293      1547      1106
  precision        0.0736    0.0736    0.0736    0.0736

vs
  mean             0.0136    0.0069    0.0151    0.0471
  std. dev.        0.2077     0.146     0.225    0.3642
  weight sum         3284      1293      1547      1106
  precision        0.0987    0.0987    0.0987    0.0987

york
  mean             0.0125    0.0119    0.0105    0.0586
  std. dev.        0.1947    0.1979    0.1693    0.4348
  weight sum         3284      1293      1547      1106
  precision        0.1088    0.1088    0.1088    0.1088



Time taken to build model: 0.24 seconds

=== Stratified cross-validation ===
=== Summary ===

Correctly Classified Instances        2397               33.1535 %
Incorrectly Classified Instances      4833               66.8465 %
Kappa statistic                          0.1465
Mean absolute error                      0.334 
Root mean squared error                  0.573 
Relative absolute error                 96.4482 %
Root relative squared error            137.6994 %
Total Number of Instances             7230     

=== Detailed Accuracy By Class ===

                 TP Rate  FP Rate  Precision  Recall   F-Measure  MCC      ROC Area  PRC Area  Class
                 0.294    0.089    0.732      0.294    0.419      0.264    0.648     0.610     positive
                 0.383    0.165    0.336      0.383    0.358      0.208    0.671     0.309     negative
                 0.065    0.058    0.233      0.065    0.101      0.011    0.559     0.241     neutral
                 0.757    0.518    0.209      0.757    0.327      0.173    0.686     0.268     objective
Weighted Avg.    0.332    0.162    0.474      0.332    0.326      0.186    0.639     0.425     

=== Confusion Matrix ===

    a    b    c    d   <-- classified as
  965  565  188 1566 |    a = positive
  129  495   54  615 |    b = negative
  160  296  100  991 |    c = neutral
   64  117   88  837 |    d = objective

