=== Run information ===

Scheme:       weka.classifiers.bayes.NaiveBayes 
Relation:     opinion-weka.filters.unsupervised.attribute.StringToWordVector-R1-W100-prune-rate-1.0-C-T-I-N1-stemmerweka.core.stemmers.IteratedLovinsStemmer-stopwords-handlerweka.core.stopwords.Null-M1-tokenizerweka.core.tokenizers.WordTokenizer -delimiters " \r\n\t.,;:\'\"()?!"-weka.filters.unsupervised.attribute.Reorder-R2,3,4,5,6,7,8,9,10,11,12,13,14,15,16,17,18,19,20,21,22,23,24,25,26,27,28,29,30,31,32,33,34,35,36,37,38,39,40,41,42,43,44,45,46,47,48,49,50,51,52,53,54,55,56,57,58,59,60,61,62,63,64,65,66,67,68,69,70,71,72,73,74,75,76,77,78,79,80,81,82,83,84,85,86,87,88,89,90,91,92,93,94,95,96,97,98,99,100,101,102,103,104,105,106,107,108,109,110,111,112,113,114,115,116,117,118,119,120,121,122,123,124,125,126,127,128,129,130,131,132,133,134,135,136,137,138,139,140,141,142,143,144,145,146,147,148,149,150,151,152,153,154,155,156,157,158,159,160,161,162,163,164,165,166,167,168,169,170,171,172,173,174,175,176,1
Instances:    7230
Attributes:   176
              [list of attributes omitted]
Test mode:    10-fold cross-validation

=== Classifier model (full training set) ===

Naive Bayes Classifier

                   Class
Attribute       positive  negative   neutral objective
                  (0.45)    (0.18)    (0.21)    (0.15)
=======================================================
&
  mean             0.1106    0.1207    0.1077    0.1423
  std. dev.        0.4543    0.5453     0.482    0.5283
  weight sum         3284      1293      1547      1106
  precision        0.0119    0.0119    0.0119    0.0119

-
  mean             0.1098    0.0709    0.1223    0.2033
  std. dev.        0.4895    0.3664    0.4954    0.6181
  weight sum         3284      1293      1547      1106
  precision        0.0119    0.0119    0.0119    0.0119

//bit
  mean             0.0617    0.0871    0.1082     0.214
  std. dev.        0.3748    0.4434    0.4833    0.6391
  weight sum         3284      1293      1547      1106
  precision        0.0143    0.0143    0.0143    0.0143

//fb
  mean             0.0721    0.0165    0.1207    0.1405
  std. dev.        0.3904    0.1815    0.5278    0.5417
  weight sum         3284      1293      1547      1106
  precision        0.0168    0.0168    0.0168    0.0168

//instagr
  mean             0.0457         0    0.0291     0.034
  std. dev.        0.3756     0.011     0.311    0.3333
  weight sum         3284      1293      1547      1106
  precision         0.066     0.066     0.066     0.066

//www
  mean             0.0673    0.0547    0.0605    0.0957
  std. dev.        0.4135    0.4046    0.4133    0.4654
  weight sum         3284      1293      1547      1106
  precision        0.0249    0.0249    0.0249    0.0249

1
  mean             0.0338    0.0297    0.0556     0.056
  std. dev.        0.2934     0.271    0.3766    0.3915
  weight sum         3284      1293      1547      1106
  precision        0.0405    0.0405    0.0405    0.0405

1st
  mean             0.0867    0.1385    0.1113    0.0848
  std. dev.        0.4649    0.5764    0.5277    0.4509
  weight sum         3284      1293      1547      1106
  precision        0.0167    0.0167    0.0167    0.0167

2
  mean             0.0659    0.0605    0.0694    0.0971
  std. dev.        0.4104    0.3904    0.4099    0.4428
  weight sum         3284      1293      1547      1106
  precision        0.0235    0.0235    0.0235    0.0235

2nd
  mean             0.0617    0.0731    0.0622    0.0808
  std. dev.        0.3983    0.4193    0.4297    0.4653
  weight sum         3284      1293      1547      1106
  precision         0.027     0.027     0.027     0.027

3
  mean             0.0428    0.0329    0.0456    0.0938
  std. dev.        0.3302    0.3022    0.3376    0.4906
  weight sum         3284      1293      1547      1106
  precision        0.0351    0.0351    0.0351    0.0351

3rd
  mean               0.05    0.0716      0.05    0.0596
  std. dev.        0.3635    0.4722    0.3871    0.4148
  weight sum         3284      1293      1547      1106
  precision        0.0361    0.0361    0.0361    0.0361

4
  mean             0.0446    0.0414    0.0298    0.0606
  std. dev.        0.3354     0.352    0.2662    0.4021
  weight sum         3284      1293      1547      1106
  precision        0.0414    0.0414    0.0414    0.0414

4th
  mean             0.0383    0.0487    0.0436    0.0578
  std. dev.        0.3315    0.3818    0.3816    0.4317
  weight sum         3284      1293      1547      1106
  precision         0.049     0.049     0.049     0.049

@
  mean              0.036    0.0055    0.0582    0.0629
  std. dev.        0.2877    0.1149    0.3919    0.4013
  weight sum         3284      1293      1547      1106
  precision        0.0331    0.0331    0.0331    0.0331

al
  mean             0.0392    0.0437    0.0331    0.0203
  std. dev.         0.344    0.3703    0.3414    0.2469
  weight sum         3284      1293      1547      1106
  precision        0.0594    0.0594    0.0594    0.0594

amaz
  mean             0.0415    0.0049    0.0028         0
  std. dev.        0.3542    0.1256    0.1111    0.0155
  weight sum         3284      1293      1547      1106
  precision         0.093     0.093     0.093     0.093

awesom
  mean              0.041    0.0055    0.0099    0.0028
  std. dev.        0.3508    0.1134    0.2049    0.0941
  weight sum         3284      1293      1547      1106
  precision         0.101     0.101     0.101     0.101

back
  mean             0.0674    0.0737     0.068    0.0353
  std. dev.        0.4193    0.4229    0.4169    0.2857
  weight sum         3284      1293      1547      1106
  precision        0.0273    0.0273    0.0273    0.0273

big
  mean             0.0761    0.0326    0.0423    0.0409
  std. dev.        0.4554    0.3005    0.3694    0.3481
  weight sum         3284      1293      1547      1106
  precision        0.0346    0.0346    0.0346    0.0346

birthd
  mean             0.0695    0.0113    0.0224    0.0102
  std. dev.        0.4492    0.1715      0.29    0.1704
  weight sum         3284      1293      1547      1106
  precision        0.0515    0.0515    0.0515    0.0515

boy
  mean             0.0438    0.0165     0.016    0.0211
  std. dev.        0.3543    0.2287    0.2257    0.2353
  weight sum         3284      1293      1547      1106
  precision          0.06      0.06      0.06      0.06

can
  mean             0.0997    0.0774    0.0154     0.012
  std. dev.        0.4781     0.407    0.1857    0.1894
  weight sum         3284      1293      1547      1106
  precision         0.023     0.023     0.023     0.023

celebr
  mean             0.0507     0.013    0.0116      0.01
  std. dev.        0.3923    0.2147    0.1756    0.1987
  weight sum         3284      1293      1547      1106
  precision        0.0765    0.0765    0.0765    0.0765

cl
  mean             0.0468    0.0505    0.0495    0.0484
  std. dev.        0.3455    0.3616    0.3996    0.3488
  weight sum         3284      1293      1547      1106
  precision        0.0383    0.0383    0.0383    0.0383

com
  mean             0.0796    0.0613    0.0688    0.0701
  std. dev.         0.452    0.3869    0.4377    0.4182
  weight sum         3284      1293      1547      1106
  precision        0.0244    0.0244    0.0244    0.0244

d
  mean              0.062    0.0372    0.0268    0.0213
  std. dev.        0.4224    0.3354    0.2609    0.2558
  weight sum         3284      1293      1547      1106
  precision        0.0443    0.0443    0.0443    0.0443

day
  mean             0.0886    0.0744     0.044    0.0583
  std. dev.        0.4832    0.4297    0.3411    0.3858
  weight sum         3284      1293      1547      1106
  precision        0.0252    0.0252    0.0252    0.0252

don
  mean             0.0568    0.1243    0.0433    0.0121
  std. dev.        0.3522    0.5243    0.3425    0.1674
  weight sum         3284      1293      1547      1106
  precision         0.022     0.022     0.022     0.022

dr
  mean             0.0466    0.0377    0.0272    0.0426
  std. dev.        0.3932    0.3392    0.2941     0.354
  weight sum         3284      1293      1547      1106
  precision        0.0616    0.0616    0.0616    0.0616

enj
  mean             0.0471    0.0032     0.005    0.0027
  std. dev.        0.3735    0.1168    0.1141    0.0895
  weight sum         3284      1293      1547      1106
  precision        0.0764    0.0764    0.0764    0.0764

excit
  mean              0.103     0.007    0.0069    0.0017
  std. dev.        0.5367    0.1506    0.1224    0.0581
  weight sum         3284      1293      1547      1106
  precision        0.0395    0.0395    0.0395    0.0395

fin
  mean             0.0457    0.0209     0.046    0.0448
  std. dev.        0.3576    0.2533    0.3733    0.3732
  weight sum         3284      1293      1547      1106
  precision        0.0481    0.0481    0.0481    0.0481

fr
  mean             0.0585    0.0194    0.0702    0.0681
  std. dev.        0.3914    0.2384    0.4588    0.4452
  weight sum         3284      1293      1547      1106
  precision        0.0358    0.0358    0.0358    0.0358

frid
  mean             0.1102    0.0736    0.1265    0.1204
  std. dev.         0.497     0.431    0.5713    0.5106
  weight sum         3284      1293      1547      1106
  precision        0.0149    0.0149    0.0149    0.0149

fun
  mean             0.0609    0.0084    0.0046    0.0039
  std. dev.        0.4241    0.1551    0.1053    0.0906
  weight sum         3284      1293      1547      1106
  precision        0.0656    0.0656    0.0656    0.0656

gam
  mean             0.1169    0.1021    0.1407    0.1381
  std. dev.        0.5223    0.4626    0.6119    0.5568
  weight sum         3284      1293      1547      1106
  precision        0.0138    0.0138    0.0138    0.0138

girl
  mean             0.0548    0.0239    0.0189    0.0218
  std. dev.        0.4079    0.2512     0.243    0.2662
  weight sum         3284      1293      1547      1106
  precision        0.0574    0.0574    0.0574    0.0574

gon
  mean              0.058    0.0591    0.0492    0.0229
  std. dev.        0.3834    0.3823    0.3865    0.2329
  weight sum         3284      1293      1547      1106
  precision        0.0346    0.0346    0.0346    0.0346

guy
  mean             0.0528    0.0462    0.0468    0.0227
  std. dev.        0.3961    0.3683    0.3692    0.2422
  weight sum         3284      1293      1547      1106
  precision        0.0447    0.0447    0.0447    0.0447

hap
  mean             0.1215    0.0468    0.0305     0.026
  std. dev.        0.5428    0.3622    0.2731    0.3069
  weight sum         3284      1293      1547      1106
  precision         0.024     0.024     0.024     0.024

he
  mean              0.061    0.0714     0.065    0.0435
  std. dev.        0.3882    0.4054    0.4077    0.3216
  weight sum         3284      1293      1547      1106
  precision        0.0271    0.0271    0.0271    0.0271

hop
  mean             0.1035    0.0448    0.0393    0.0088
  std. dev.        0.5203    0.3517    0.3302    0.1334
  weight sum         3284      1293      1547      1106
  precision        0.0282    0.0282    0.0282    0.0282

http
  mean             0.1846    0.1418    0.2836    0.4511
  std. dev.        0.4805    0.4316    0.5944    0.6365
  weight sum         3284      1293      1547      1106
  precision        0.0037    0.0037    0.0037    0.0037

i
  mean             0.1426    0.1953    0.1284    0.0883
  std. dev.        0.4782    0.5708    0.4852    0.3879
  weight sum         3284      1293      1547      1106
  precision        0.0071    0.0071    0.0071    0.0071

it
  mean              0.141    0.1422     0.111    0.0573
  std. dev.        0.5175    0.5247    0.5001    0.3579
  weight sum         3284      1293      1547      1106
  precision         0.011     0.011     0.011     0.011

know
  mean             0.0518    0.0854    0.0996    0.0377
  std. dev.        0.3626    0.4632    0.5296    0.3163
  weight sum         3284      1293      1547      1106
  precision        0.0274    0.0274    0.0274    0.0274

liv
  mean             0.0505    0.0275    0.0543    0.1024
  std. dev.        0.3724    0.2616     0.385     0.506
  weight sum         3284      1293      1547      1106
  precision        0.0334    0.0334    0.0334    0.0334

ll
  mean             0.0742    0.0583    0.0608    0.0369
  std. dev.        0.3939    0.3411    0.3753    0.2726
  weight sum         3284      1293      1547      1106
  precision         0.019     0.019     0.019     0.019

lol
  mean             0.0668    0.0457    0.0403    0.0113
  std. dev.        0.4477    0.3633    0.3589    0.1693
  weight sum         3284      1293      1547      1106
  precision        0.0421    0.0421    0.0421    0.0421

look
  mean             0.0995    0.0701    0.0594    0.0398
  std. dev.        0.5135    0.4277    0.3783    0.3771
  weight sum         3284      1293      1547      1106
  precision        0.0243    0.0243    0.0243    0.0243

lov
  mean             0.1667    0.0215    0.0297     0.016
  std. dev.        0.6372    0.2128    0.2741     0.206
  weight sum         3284      1293      1547      1106
  precision        0.0197    0.0197    0.0197    0.0197

luck
  mean              0.048    0.0065    0.0053         0
  std. dev.        0.3914    0.1364    0.1231    0.0144
  weight sum         3284      1293      1547      1106
  precision        0.0863    0.0863    0.0863    0.0863

m
  mean             0.1079    0.1508    0.1054    0.0868
  std. dev.        0.4477    0.5488    0.4797     0.436
  weight sum         3284      1293      1547      1106
  precision        0.0114    0.0114    0.0114    0.0114

man
  mean             0.0531    0.0421    0.0351    0.0375
  std. dev.        0.3959    0.3665    0.3432     0.339
  weight sum         3284      1293      1547      1106
  precision        0.0472    0.0472    0.0472    0.0472

march
  mean             0.0445    0.0309    0.0337    0.0316
  std. dev.        0.3887    0.3085    0.3357    0.3433
  weight sum         3284      1293      1547      1106
  precision        0.0631    0.0631    0.0631    0.0631

me
  mean             0.0613    0.0767      0.07    0.0641
  std. dev.        0.3763    0.4503    0.4309    0.3741
  weight sum         3284      1293      1547      1106
  precision         0.025     0.025     0.025     0.025

mon
  mean             0.0709    0.1082    0.1218    0.1258
  std. dev.        0.4049    0.5298    0.5607    0.5404
  weight sum         3284      1293      1547      1106
  precision        0.0173    0.0173    0.0173    0.0173

morn
  mean             0.0774     0.068    0.0688    0.0452
  std. dev.        0.4576    0.4499    0.4476    0.3596
  weight sum         3284      1293      1547      1106
  precision        0.0285    0.0285    0.0285    0.0285

mov
  mean             0.0719    0.0587    0.0668    0.0522
  std. dev.        0.4563    0.4006    0.4196    0.3743
  weight sum         3284      1293      1547      1106
  precision        0.0294    0.0294    0.0294    0.0294

night
  mean             0.1724     0.143    0.1723    0.1488
  std. dev.        0.6051    0.5601    0.6189    0.5562
  weight sum         3284      1293      1547      1106
  precision        0.0092    0.0092    0.0092    0.0092

november
  mean             0.0392      0.02    0.0503     0.077
  std. dev.        0.3325     0.264    0.3804    0.4443
  weight sum         3284      1293      1547      1106
  precision        0.0435    0.0435    0.0435    0.0435

part
  mean              0.045    0.0412    0.0522    0.0622
  std. dev.        0.3417    0.3201    0.3636    0.4038
  weight sum         3284      1293      1547      1106
  precision        0.0335    0.0335    0.0335    0.0335

pic
  mean             0.0493    0.0559    0.0572    0.0548
  std. dev.        0.3612    0.4071    0.3869    0.3663
  weight sum         3284      1293      1547      1106
  precision        0.0366    0.0366    0.0366    0.0366

pl
  mean             0.0764    0.1007    0.1183     0.119
  std. dev.        0.4218    0.4987    0.5423     0.527
  weight sum         3284      1293      1547      1106
  precision        0.0171    0.0171    0.0171    0.0171

pr
  mean             0.0634    0.0757    0.0438    0.0522
  std. dev.        0.4196     0.463    0.3252    0.3689
  weight sum         3284      1293      1547      1106
  precision        0.0306    0.0306    0.0306    0.0306

re
  mean             0.0632    0.0368     0.027    0.0346
  std. dev.        0.3995    0.3103    0.2463    0.2889
  weight sum         3284      1293      1547      1106
  precision        0.0369    0.0369    0.0369    0.0369

right
  mean             0.0365    0.0522    0.0509    0.0133
  std. dev.        0.3202    0.3927    0.4177    0.1836
  weight sum         3284      1293      1547      1106
  precision        0.0526    0.0526    0.0526    0.0526

rt
  mean             0.0448     0.044    0.0598     0.055
  std. dev.        0.3405    0.3352    0.4018    0.3816
  weight sum         3284      1293      1547      1106
  precision        0.0369    0.0369    0.0369    0.0369

s
  mean             0.2245    0.2556     0.233    0.2316
  std. dev.        0.5579    0.6121    0.5641    0.5741
  weight sum         3284      1293      1547      1106
  precision        0.0041    0.0041    0.0041    0.0041

sat
  mean             0.0393    0.0826    0.0479    0.0552
  std. dev.        0.3343    0.5151    0.3789    0.4003
  weight sum         3284      1293      1547      1106
  precision        0.0417    0.0417    0.0417    0.0417

saturd
  mean             0.0954    0.0871    0.1315    0.1408
  std. dev.        0.4551    0.4585    0.6001    0.5786
  weight sum         3284      1293      1547      1106
  precision        0.0153    0.0153    0.0153    0.0153

season
  mean             0.0565    0.0378    0.0425    0.0819
  std. dev.        0.3937    0.3025    0.3221    0.4693
  weight sum         3284      1293      1547      1106
  precision         0.033     0.033     0.033     0.033

song
  mean             0.0469    0.0196    0.0172    0.0315
  std. dev.        0.3904    0.2415     0.241    0.3198
  weight sum         3284      1293      1547      1106
  precision        0.0664    0.0664    0.0664    0.0664

st
  mean              0.066    0.0475    0.0797    0.1133
  std. dev.        0.4039    0.3169    0.4487    0.5578
  weight sum         3284      1293      1547      1106
  precision        0.0231    0.0231    0.0231    0.0231

start
  mean             0.0639    0.0481    0.0515    0.0634
  std. dev.        0.4005    0.3559    0.3551    0.4039
  weight sum         3284      1293      1547      1106
  precision        0.0263    0.0263    0.0263    0.0263

sun
  mean              0.051    0.0434    0.0817    0.0659
  std. dev.        0.3848    0.3693    0.5137     0.431
  weight sum         3284      1293      1547      1106
  precision        0.0377    0.0377    0.0377    0.0377

sund
  mean             0.1186    0.0946    0.1103    0.1175
  std. dev.        0.5308    0.4477      0.53    0.5355
  weight sum         3284      1293      1547      1106
  precision        0.0148    0.0148    0.0148    0.0148

t
  mean             0.1396    0.2882    0.0773    0.0398
  std. dev.        0.4552    0.6891    0.3627    0.2937
  weight sum         3284      1293      1547      1106
  precision        0.0084    0.0084    0.0084    0.0084

team
  mean              0.051    0.0351    0.0439    0.0487
  std. dev.        0.3707    0.3074    0.3436     0.348
  weight sum         3284      1293      1547      1106
  precision        0.0391    0.0391    0.0391    0.0391

th
  mean              0.056    0.0613     0.032    0.0372
  std. dev.        0.3793    0.3987    0.2657    0.3161
  weight sum         3284      1293      1547      1106
  precision        0.0351    0.0351    0.0351    0.0351

thank
  mean             0.0791    0.0194    0.0151    0.0103
  std. dev.         0.497    0.2595       0.2    0.2032
  weight sum         3284      1293      1547      1106
  precision        0.0505    0.0505    0.0505    0.0505

that
  mean             0.0531    0.0457    0.0443    0.0216
  std. dev.        0.3936    0.3458    0.3701     0.232
  weight sum         3284      1293      1547      1106
  precision        0.0435    0.0435    0.0435    0.0435

think
  mean               0.06    0.0849    0.0837    0.0255
  std. dev.         0.403    0.4766    0.4787    0.2766
  weight sum         3284      1293      1547      1106
  precision        0.0287    0.0287    0.0287    0.0287

thursd
  mean             0.0589    0.0577    0.0683    0.1176
  std. dev.        0.3915    0.3999    0.4463    0.5358
  weight sum         3284      1293      1547      1106
  precision         0.027     0.027     0.027     0.027

tick
  mean             0.0368    0.0283    0.0466    0.0581
  std. dev.        0.3225    0.3142    0.3671    0.3942
  weight sum         3284      1293      1547      1106
  precision          0.05      0.05      0.05      0.05

tim
  mean             0.0343    0.0708    0.0326    0.0628
  std. dev.        0.2959    0.4476    0.3009    0.4113
  weight sum         3284      1293      1547      1106
  precision        0.0432    0.0432    0.0432    0.0432

tod
  mean             0.1166    0.1248    0.1145    0.1011
  std. dev.         0.513    0.5321    0.5341     0.493
  weight sum         3284      1293      1547      1106
  precision        0.0139    0.0139    0.0139    0.0139

tomorrow
  mean             0.2845     0.231    0.2934    0.2603
  std. dev.        0.7151    0.6491    0.8379    0.8088
  weight sum         3284      1293      1547      1106
  precision        0.0052    0.0052    0.0052    0.0052

tonight
  mean              0.171    0.1139    0.1207    0.1257
  std. dev.        0.6194    0.4888     0.542    0.5412
  weight sum         3284      1293      1547      1106
  precision        0.0112    0.0112    0.0112    0.0112

tuesd
  mean             0.0436    0.0457    0.0487     0.084
  std. dev.        0.3598     0.359    0.3966    0.5123
  weight sum         3284      1293      1547      1106
  precision        0.0421    0.0421    0.0421    0.0421

twitter
  mean             0.0518    0.0533    0.0591    0.0501
  std. dev.        0.3586    0.3853    0.3953    0.3487
  weight sum         3284      1293      1547      1106
  precision        0.0353    0.0353    0.0353    0.0353

ve
  mean             0.0518    0.0268    0.0291    0.0209
  std. dev.        0.3732    0.2608    0.2863    0.2372
  weight sum         3284      1293      1547      1106
  precision         0.043     0.043     0.043     0.043

wait
  mean             0.1059     0.055     0.023    0.0122
  std. dev.        0.4966    0.3603     0.252    0.1732
  weight sum         3284      1293      1547      1106
  precision        0.0266    0.0266    0.0266    0.0266

watch
  mean             0.1202    0.1094    0.1158    0.0703
  std. dev.        0.5254    0.4892    0.5259    0.4102
  weight sum         3284      1293      1547      1106
  precision        0.0146    0.0146    0.0146    0.0146

we
  mean             0.0545    0.0228    0.0372    0.0287
  std. dev.        0.3571    0.2485    0.3142    0.2593
  weight sum         3284      1293      1547      1106
  precision        0.0414    0.0414    0.0414    0.0414

week
  mean              0.053    0.0185     0.053     0.054
  std. dev.        0.3832    0.2126    0.3822    0.3815
  weight sum         3284      1293      1547      1106
  precision        0.0398    0.0398    0.0398    0.0398

win
  mean              0.087    0.0468    0.0479     0.029
  std. dev.        0.4809     0.364    0.3484    0.2375
  weight sum         3284      1293      1547      1106
  precision        0.0279    0.0279    0.0279    0.0279

wish
  mean             0.0421      0.02    0.0136         0
  std. dev.        0.3547    0.2645    0.2203     0.014
  weight sum         3284      1293      1547      1106
  precision        0.0842    0.0842    0.0842    0.0842

work
  mean             0.0497    0.0558     0.045    0.0538
  std. dev.        0.3752    0.3899    0.3632    0.3865
  weight sum         3284      1293      1547      1106
  precision         0.038     0.038     0.038     0.038

world
  mean             0.0426    0.0642    0.0312    0.0525
  std. dev.        0.3518    0.4391    0.2867    0.3974
  weight sum         3284      1293      1547      1106
  precision        0.0432    0.0432    0.0432    0.0432

you
  mean             0.0717    0.0438     0.038    0.0284
  std. dev.        0.4111    0.3194    0.3168    0.2615
  weight sum         3284      1293      1547      1106
  precision        0.0306    0.0306    0.0306    0.0306

as
  mean             0.0279    0.0537    0.0243    0.0254
  std. dev.        0.3078    0.4219    0.2887    0.2851
  weight sum         3284      1293      1547      1106
  precision        0.0743    0.0743    0.0743    0.0743

bad
  mean             0.0183     0.084    0.0084    0.0095
  std. dev.        0.2396    0.4792    0.1486      0.16
  weight sum         3284      1293      1547      1106
  precision        0.0651    0.0651    0.0651    0.0651

cal
  mean             0.0179    0.0542    0.0442    0.0345
  std. dev.        0.2272    0.4097    0.3565    0.3004
  weight sum         3284      1293      1547      1106
  precision        0.0547    0.0547    0.0547    0.0547

cancel
  mean             0.0058    0.0617    0.0067     0.004
  std. dev.        0.1388    0.4541    0.1546    0.1334
  weight sum         3284      1293      1547      1106
  precision         0.153     0.153     0.153     0.153

car
  mean             0.0338    0.0546    0.0288    0.0236
  std. dev.        0.3389    0.4338    0.3001    0.3022
  weight sum         3284      1293      1547      1106
  precision        0.0673    0.0673    0.0673    0.0673

didn
  mean             0.0117    0.0492    0.0135    0.0021
  std. dev.        0.1875     0.397    0.2028    0.0682
  weight sum         3284      1293      1547      1106
  precision        0.1031    0.1031    0.1031    0.1031

doesn
  mean             0.0116    0.0471    0.0224    0.0042
  std. dev.        0.1875    0.3619    0.2699    0.1399
  weight sum         3284      1293      1547      1106
  precision        0.1034    0.1034    0.1034    0.1034

feel
  mean             0.0354    0.0743    0.0335     0.005
  std. dev.        0.3417    0.4901    0.3358    0.1218
  weight sum         3284      1293      1547      1106
  precision        0.0608    0.0608    0.0608    0.0608

fuck
  mean               0.02    0.1232    0.0191    0.0062
  std. dev.         0.248    0.6215    0.2566    0.1481
  weight sum         3284      1293      1547      1106
  precision        0.0608    0.0608    0.0608    0.0608

hat
  mean             0.0118     0.054    0.0107         0
  std. dev.        0.2044    0.4337    0.1765    0.0227
  weight sum         3284      1293      1547      1106
  precision        0.1365    0.1365    0.1365    0.1365

hom
  mean             0.0335    0.0708    0.0399    0.0261
  std. dev.        0.3188    0.4834    0.3588    0.2663
  weight sum         3284      1293      1547      1106
  precision        0.0532    0.0532    0.0532    0.0532

injur
  mean             0.0022    0.0508    0.0065    0.0208
  std. dev.        0.0882    0.4353    0.1492    0.2845
  weight sum         3284      1293      1547      1106
  precision         0.187     0.187     0.187     0.187

kil
  mean             0.0087    0.0546     0.022    0.0047
  std. dev.        0.1708    0.4272    0.2677    0.1099
  weight sum         3284      1293      1547      1106
  precision        0.1202    0.1202    0.1202    0.1202

lif
  mean             0.0368    0.0505    0.0188    0.0271
  std. dev.        0.3525    0.4112    0.2663    0.2848
  weight sum         3284      1293      1547      1106
  precision        0.0682    0.0682    0.0682    0.0682

lo
  mean             0.0065    0.0528    0.0125    0.0059
  std. dev.        0.1409    0.3901    0.2029    0.1147
  weight sum         3284      1293      1547      1106
  precision        0.1053    0.1053    0.1053    0.1053

mi
  mean             0.0188    0.0616     0.043    0.0107
  std. dev.        0.2351    0.4324    0.3718    0.1645
  weight sum         3284      1293      1547      1106
  precision        0.0692    0.0692    0.0692    0.0692

new
  mean             0.0327    0.0463    0.0457    0.0529
  std. dev.        0.3117    0.3616    0.3782    0.3962
  weight sum         3284      1293      1547      1106
  precision        0.0515    0.0515    0.0515    0.0515

nig
  mean             0.0092    0.0552    0.0155     0.003
  std. dev.        0.1813    0.4388    0.2324    0.0995
  weight sum         3284      1293      1547      1106
  precision        0.1379    0.1379    0.1379    0.1379

now
  mean             0.0375    0.0515    0.0443    0.0258
  std. dev.        0.3432    0.3951    0.3735    0.2803
  weight sum         3284      1293      1547      1106
  precision        0.0532    0.0532    0.0532    0.0532

obam
  mean             0.0096    0.0443    0.0245    0.0208
  std. dev.        0.1752    0.3814    0.2952    0.2661
  weight sum         3284      1293      1547      1106
  precision        0.1122    0.1122    0.1122    0.1122

off
  mean             0.0269     0.053    0.0348    0.0294
  std. dev.        0.2903    0.4226    0.3349     0.322
  weight sum         3284      1293      1547      1106
  precision        0.0664    0.0664    0.0664    0.0664

on
  mean             0.0268    0.0451     0.029    0.0373
  std. dev.        0.3108    0.3684     0.308    0.3342
  weight sum         3284      1293      1547      1106
  precision        0.0701    0.0701    0.0701    0.0701

peopl
  mean             0.0334    0.0649    0.0282    0.0186
  std. dev.        0.3261    0.4519    0.3058    0.2557
  weight sum         3284      1293      1547      1106
  precision        0.0623    0.0623    0.0623    0.0623

real
  mean             0.0354    0.0416    0.0383    0.0432
  std. dev.        0.3254    0.3468    0.3469    0.3925
  weight sum         3284      1293      1547      1106
  precision        0.0547    0.0547    0.0547    0.0547

run
  mean             0.0189     0.061     0.038    0.0375
  std. dev.        0.2464    0.4658    0.3583    0.3504
  weight sum         3284      1293      1547      1106
  precision        0.0701    0.0701    0.0701    0.0701

rus
  mean              0.009    0.0524    0.0295    0.0031
  std. dev.        0.1725    0.4183    0.3245    0.1044
  weight sum         3284      1293      1547      1106
  precision        0.1085    0.1085    0.1085    0.1085

sad
  mean             0.0036    0.0531    0.0062    0.0024
  std. dev.        0.1051    0.4142    0.1717    0.0787
  weight sum         3284      1293      1547      1106
  precision         0.187     0.187     0.187     0.187

say
  mean             0.0179    0.0493    0.0342    0.0446
  std. dev.        0.2407    0.4023    0.3285    0.4017
  weight sum         3284      1293      1547      1106
  precision        0.0697    0.0697    0.0697    0.0697

school
  mean             0.0382    0.0609    0.0316     0.019
  std. dev.        0.3623    0.4512    0.3314    0.2427
  weight sum         3284      1293      1547      1106
  precision        0.0656    0.0656    0.0656    0.0656

shit
  mean             0.0182    0.0956    0.0203         0
  std. dev.         0.245    0.5432    0.2584    0.0122
  weight sum         3284      1293      1547      1106
  precision        0.0732    0.0732    0.0732    0.0732

talk
  mean             0.0193    0.0498    0.0456    0.0407
  std. dev.        0.2363    0.3883    0.3727    0.3234
  weight sum         3284      1293      1547      1106
  precision        0.0526    0.0526    0.0526    0.0526

tw
  mean             0.0241    0.0473    0.0329    0.0233
  std. dev.        0.2745    0.3857    0.3279    0.2765
  weight sum         3284      1293      1547      1106
  precision        0.0743    0.0743    0.0743    0.0743

up
  mean              0.028    0.0527     0.031    0.0115
  std. dev.        0.3073    0.4156    0.3225    0.1921
  weight sum         3284      1293      1547      1106
  precision        0.0777    0.0777    0.0777    0.0777

wednesd
  mean             0.0383    0.0452    0.0673    0.0354
  std. dev.        0.3445    0.3597     0.475    0.3285
  weight sum         3284      1293      1547      1106
  precision        0.0468    0.0468    0.0468    0.0468

//ow
  mean             0.0178    0.0143    0.0415    0.0624
  std. dev.        0.2359    0.1976    0.3518    0.4493
  weight sum         3284      1293      1547      1106
  precision         0.071     0.071     0.071     0.071

2012
  mean             0.0194    0.0066    0.0485    0.0805
  std. dev.        0.2417    0.1182    0.3526    0.4599
  weight sum         3284      1293      1547      1106
  precision        0.0616    0.0616    0.0616    0.0616

30
  mean             0.0299    0.0313    0.0355    0.0622
  std. dev.        0.2911    0.3075    0.3353    0.4275
  weight sum         3284      1293      1547      1106
  precision        0.0574    0.0574    0.0574    0.0574

5
  mean             0.0323    0.0312    0.0369    0.0647
  std. dev.        0.3064     0.295    0.3287    0.4289
  weight sum         3284      1293      1547      1106
  precision        0.0442    0.0442    0.0442    0.0442

6
  mean             0.0262    0.0222    0.0441    0.0527
  std. dev.        0.2705    0.2569    0.3681    0.3615
  weight sum         3284      1293      1547      1106
  precision         0.058     0.058     0.058     0.058

7
  mean             0.0263    0.0335    0.0476    0.0605
  std. dev.        0.2825    0.3191    0.3893    0.4334
  weight sum         3284      1293      1547      1106
  precision        0.0574    0.0574    0.0574    0.0574

ag
  mean             0.0132    0.0177    0.0452    0.0139
  std. dev.        0.2039    0.2288    0.4049    0.2093
  weight sum         3284      1293      1547      1106
  precision        0.1122    0.1122    0.1122    0.1122

bus
  mean             0.0135    0.0254    0.0455    0.0292
  std. dev.        0.2026    0.2905     0.396    0.3092
  weight sum         3284      1293      1547      1106
  precision        0.0902    0.0902    0.0902    0.0902

cit
  mean             0.0297    0.0321    0.0407    0.0328
  std. dev.        0.2986    0.3102    0.3726    0.3168
  weight sum         3284      1293      1547      1106
  precision        0.0656    0.0656    0.0656    0.0656

find
  mean             0.0296    0.0272     0.042    0.0383
  std. dev.        0.3247    0.3006    0.3724    0.3566
  weight sum         3284      1293      1547      1106
  precision        0.0732    0.0732    0.0732    0.0732

footb
  mean             0.0362    0.0281    0.0456    0.0444
  std. dev.         0.324    0.2853    0.3695    0.3544
  weight sum         3284      1293      1547      1106
  precision        0.0455    0.0455    0.0455    0.0455

le
  mean             0.0398    0.0308    0.0444    0.0163
  std. dev.        0.3525    0.3086    0.4063    0.2275
  weight sum         3284      1293      1547      1106
  precision        0.0631    0.0631    0.0631    0.0631

leagu
  mean              0.023    0.0239    0.0427    0.0444
  std. dev.        0.2656    0.2778    0.3648    0.3631
  weight sum         3284      1293      1547      1106
  precision        0.0673    0.0673    0.0673    0.0673

nov
  mean             0.0319    0.0175    0.0519    0.0999
  std. dev.        0.2948    0.2257    0.3934     0.519
  weight sum         3284      1293      1547      1106
  precision        0.0463    0.0463    0.0463    0.0463

october
  mean             0.0304    0.0243    0.0411      0.11
  std. dev.        0.2852     0.259    0.3577    0.5779
  weight sum         3284      1293      1547      1106
  precision        0.0468    0.0468    0.0468    0.0468

se
  mean             0.0397    0.0351     0.069    0.0663
  std. dev.        0.3523    0.3196    0.4973    0.4578
  weight sum         3284      1293      1547      1106
  precision        0.0476    0.0476    0.0476    0.0476

ther
  mean             0.0388    0.0177    0.0462    0.0361
  std. dev.          0.35    0.2459    0.4031    0.3691
  weight sum         3284      1293      1547      1106
  precision        0.0656    0.0656    0.0656    0.0656

top
  mean              0.026    0.0185    0.0463    0.0302
  std. dev.        0.2885    0.2374    0.4017    0.2951
  weight sum         3284      1293      1547      1106
  precision        0.0765    0.0765    0.0765    0.0765

tr
  mean             0.0216    0.0225    0.0403      0.04
  std. dev.        0.2735    0.2884     0.392    0.3729
  weight sum         3284      1293      1547      1106
  precision        0.0971    0.0971    0.0971    0.0971

vot
  mean             0.0273    0.0213    0.0393    0.0202
  std. dev.        0.3222    0.2729    0.3903    0.2624
  weight sum         3284      1293      1547      1106
  precision        0.0897    0.0897    0.0897    0.0897

wh
  mean             0.0149    0.0227    0.0494     0.049
  std. dev.        0.2166    0.2608    0.4049    0.4037
  weight sum         3284      1293      1547      1106
  precision        0.0711    0.0711    0.0711    0.0711

//dlvr
  mean             0.0073     0.005    0.0273    0.0504
  std. dev.        0.1511    0.1273    0.2992    0.4134
  weight sum         3284      1293      1547      1106
  precision        0.1322    0.1322    0.1322    0.1322

10
  mean             0.0314    0.0284    0.0336    0.0615
  std. dev.        0.3147    0.3111    0.3368    0.4404
  weight sum         3284      1293      1547      1106
  precision        0.0623    0.0623    0.0623    0.0623

august
  mean             0.0259    0.0024    0.0143    0.0589
  std. dev.        0.2895    0.0877    0.2153     0.441
  weight sum         3284      1293      1547      1106
  precision        0.1052    0.1052    0.1052    0.1052

black
  mean             0.0262    0.0323    0.0361    0.0602
  std. dev.        0.3045     0.332    0.3372    0.4427
  weight sum         3284      1293      1547      1106
  precision        0.0656    0.0656    0.0656    0.0656

check
  mean             0.0373    0.0178    0.0382    0.0706
  std. dev.        0.3546    0.2292    0.3601    0.4746
  weight sum         3284      1293      1547      1106
  precision        0.0587    0.0587    0.0587    0.0587

club
  mean             0.0276    0.0122    0.0296    0.0605
  std. dev.        0.2917     0.201    0.3168    0.4342
  weight sum         3284      1293      1547      1106
  precision        0.0709    0.0709    0.0709    0.0709

head
  mean             0.0309    0.0264    0.0351      0.05
  std. dev.        0.3232    0.3021    0.3587    0.4109
  weight sum         3284      1293      1547      1106
  precision        0.0732    0.0732    0.0732    0.0732

join
  mean             0.0307    0.0068    0.0277    0.0499
  std. dev.        0.3144    0.1735     0.309    0.4036
  weight sum         3284      1293      1547      1106
  precision        0.0828    0.0828    0.0828    0.0828

lin
  mean             0.0216    0.0175    0.0214    0.0685
  std. dev.        0.2674    0.2284    0.2709    0.4903
  weight sum         3284      1293      1547      1106
  precision        0.0856    0.0856    0.0856    0.0856

london
  mean             0.0176    0.0246    0.0292    0.0623
  std. dev.        0.2329    0.2706    0.3246    0.4452
  weight sum         3284      1293      1547      1106
  precision        0.0747    0.0747    0.0747    0.0747

oct
  mean             0.0195    0.0168    0.0256    0.0638
  std. dev.        0.2426     0.232    0.2803    0.4552
  weight sum         3284      1293      1547      1106
  precision        0.0786    0.0786    0.0786    0.0786

open
  mean             0.0246    0.0167     0.037    0.0778
  std. dev.        0.2705    0.2485    0.3518    0.4921
  weight sum         3284      1293      1547      1106
  precision        0.0667    0.0667    0.0667    0.0667

pa
  mean             0.0235    0.0296    0.0388    0.0443
  std. dev.        0.2859    0.2988     0.365    0.3854
  weight sum         3284      1293      1547      1106
  precision        0.0765    0.0765    0.0765    0.0765

presid
  mean             0.0285    0.0189    0.0109     0.045
  std. dev.        0.3157    0.2674    0.1953    0.3819
  weight sum         3284      1293      1547      1106
  precision         0.099     0.099     0.099     0.099

san
  mean              0.014    0.0074    0.0147    0.0466
  std. dev.        0.2097    0.1543    0.2209    0.3903
  weight sum         3284      1293      1547      1106
  precision        0.1262    0.1262    0.1262    0.1262

star
  mean             0.0302    0.0223    0.0369    0.0607
  std. dev.        0.3121    0.2776     0.336    0.4567
  weight sum         3284      1293      1547      1106
  precision        0.0639    0.0639    0.0639    0.0639

vs
  mean             0.0157    0.0074     0.018    0.0544
  std. dev.        0.2311    0.1536    0.2518    0.4198
  weight sum         3284      1293      1547      1106
  precision        0.0997    0.0997    0.0997    0.0997

york
  mean              0.014     0.013    0.0111    0.0591
  std. dev.        0.2117    0.2086    0.1786    0.4353
  weight sum         3284      1293      1547      1106
  precision        0.1098    0.1098    0.1098    0.1098



Time taken to build model: 0.53 seconds

=== Stratified cross-validation ===
=== Summary ===

Correctly Classified Instances        2501               34.592  %
Incorrectly Classified Instances      4729               65.408  %
Kappa statistic                          0.1589
Mean absolute error                      0.3274
Root mean squared error                  0.567 
Relative absolute error                 94.5519 %
Root relative squared error            136.2623 %
Total Number of Instances             7230     

=== Detailed Accuracy By Class ===

                 TP Rate  FP Rate  Precision  Recall   F-Measure  MCC      ROC Area  PRC Area  Class
                 0.320    0.097    0.733      0.320    0.446      0.278    0.661     0.620     positive
                 0.374    0.152    0.349      0.374    0.361      0.216    0.678     0.312     negative
                 0.091    0.072    0.255      0.091    0.134      0.029    0.563     0.243     neutral
                 0.746    0.495    0.214      0.746    0.333      0.181    0.691     0.273     objective
Weighted Avg.    0.346    0.163    0.483      0.346    0.347      0.199    0.648     0.431     

=== Confusion Matrix ===

    a    b    c    d   <-- classified as
 1051  499  239 1495 |    a = positive
  143  484   83  583 |    b = negative
  157  296  141  953 |    c = neutral
   83  109   89  825 |    d = objective

