=== Run information ===

Scheme:       weka.classifiers.bayes.NaiveBayes 
Relation:     opinion-weka.filters.unsupervised.attribute.StringToWordVector-R1-W100-prune-rate-1.0-T-I-N0-stemmerweka.core.stemmers.NullStemmer-stopwords-handlerweka.core.stopwords.WordsFromFile -stopwords "C:\\Users\\Princejeet Singh San\\Google Drive\\school notes\\CSI 4107\\assignments\\A02_2018\\Sentiment-Analysis\\assets\\StopWords.txt"-M1-tokenizerweka.core.tokenizers.WordTokenizer -delimiters " \r \t."-weka.filters.unsupervised.attribute.Reorder-R2,3,4,5,6,7,8,9,10,11,12,13,14,15,16,17,18,19,20,21,22,23,24,25,26,27,28,29,30,31,32,33,34,35,36,37,38,39,40,41,42,43,44,45,46,47,48,49,50,51,52,53,54,55,56,57,58,59,60,61,62,63,64,65,66,67,68,69,70,71,72,73,74,75,76,77,78,79,80,81,82,83,84,85,86,87,88,89,90,91,92,93,94,95,96,97,98,99,100,101,102,103,104,105,106,107,108,109,110,111,112,113,114,115,116,117,118,119,120,121,122,123,124,125,126,127,128,129,130,131,132,133,134,135,136,137,138,139,140,141,142,143,144,145,146,147,148,149,150,151,152,153,154,155,156,157,158,159,160,161,162,163,164,165,166,167,168,169,170,171,172,173,174,175,176,177,178,179,180,181,182,183,184,185,186,187,188,189,190,191,192,193,194,195,196,197,198,199,200,201,202,203,204,205,206,207,208,209,210,211,1
Instances:    7225
Attributes:   211
              [list of attributes omitted]
Test mode:    10-fold cross-validation

=== Classifier model (full training set) ===

Naive Bayes Classifier

                   Class
Attribute       positive  negative   neutral objective
                  (0.45)    (0.18)    (0.21)    (0.15)
=======================================================
!
  mean             0.0552      0.03    0.0209    0.0176
  std. dev.         0.539     0.539     0.539     0.539
  weight sum         3280      1293      1547      1105
  precision        3.2341    3.2341    3.2341    3.2341

&
  mean             0.1204    0.1078    0.1051    0.1454
  std. dev.        0.4673    0.4437    0.4385      0.51
  weight sum         3280      1293      1547      1105
  precision        1.9351    1.9351    1.9351    1.9351

,
  mean             0.0307    0.0337    0.0304    0.0091
  std. dev.        0.5594    0.5594    0.5594    0.5594
  weight sum         3280      1293      1547      1105
  precision        3.3564    3.3564    3.3564    3.3564

-
  mean             0.0921    0.0687    0.1264    0.2163
  std. dev.        0.4166     0.362    0.4835    0.6168
  weight sum         3280      1293      1547      1105
  precision        1.9753    1.9753    1.9753    1.9753

1
  mean             0.0358    0.0279    0.0486     0.049
  std. dev.        0.5016    0.5016    0.5016    0.5016
  weight sum         3280      1293      1547      1105
  precision        3.0097    3.0097    3.0097    3.0097

1st
  mean             0.0846    0.1298    0.1015    0.0857
  std. dev.        0.4183    0.5123    0.4563    0.4208
  weight sum         3280      1293      1547      1105
  precision        2.1519    2.1519    2.1519    2.1519

2
  mean             0.0601    0.0521    0.0678    0.1107
  std. dev.        0.4161    0.4161    0.4161     0.514
  weight sum         3280      1293      1547      1105
  precision        2.4968    2.4968    2.4968    2.4968

2nd
  mean             0.0637    0.0799    0.0521    0.0798
  std. dev.        0.4197    0.4413    0.4197     0.441
  weight sum         3280      1293      1547      1105
  precision        2.5182    2.5182    2.5182    2.5182

3
  mean             0.0365    0.0361    0.0453    0.0687
  std. dev.        0.4866    0.4866    0.4866    0.4866
  weight sum         3280      1293      1547      1105
  precision        2.9199    2.9199    2.9199    2.9199

3rd
  mean             0.0491    0.0675    0.0459    0.0593
  std. dev.        0.4548    0.4548    0.4548    0.4548
  weight sum         3280      1293      1547      1105
  precision        2.7286    2.7286    2.7286    2.7286

4
  mean              0.047    0.0413    0.0249    0.0456
  std. dev.        0.4945    0.4945    0.4945    0.4945
  weight sum         3280      1293      1547      1105
  precision        2.9668    2.9668    2.9668    2.9668

4th
  mean             0.0382    0.0496    0.0395     0.058
  std. dev.        0.4856    0.4856    0.4856    0.4856
  weight sum         3280      1293      1547      1105
  precision        2.9134    2.9134    2.9134    2.9134

5
  mean             0.0338    0.0253    0.0359    0.0414
  std. dev.        0.5442    0.5442    0.5442    0.5442
  weight sum         3280      1293      1547      1105
  precision        3.2654    3.2654    3.2654    3.2654

:)
  mean             0.1461    0.0117    0.0147    0.0091
  std. dev.        0.5891    0.4203    0.4203    0.4203
  weight sum         3280      1293      1547      1105
  precision        2.5219    2.5219    2.5219    2.5219

:d
  mean             0.0439    0.0084    0.0116    0.0033
  std. dev.        0.6003    0.6003    0.6003    0.6003
  weight sum         3280      1293      1547      1105
  precision        3.6019    3.6019    3.6019    3.6019

;)
  mean             0.0366         0    0.0073         0
  std. dev.        0.6261    0.6261    0.6261    0.6261
  weight sum         3280      1293      1547      1105
  precision        3.7566    3.7566    3.7566    3.7566

<3
  mean             0.0394    0.0086    0.0024    0.0033
  std. dev.        0.6157    0.6157    0.6157    0.6157
  weight sum         3280      1293      1547      1105
  precision        3.6944    3.6944    3.6944    3.6944

amaz
  mean             0.0412    0.0057    0.0024         0
  std. dev.        0.6093    0.6093    0.6093    0.6093
  weight sum         3280      1293      1547      1105
  precision        3.6559    3.6559    3.6559    3.6559

award
  mean             0.0376    0.0087    0.0217     0.027
  std. dev.        0.6225    0.6225    0.6225    0.6225
  weight sum         3280      1293      1547      1105
  precision        3.7352    3.7352    3.7352    3.7352

awesom
  mean             0.0412    0.0028    0.0071         0
  std. dev.        0.6093    0.6093    0.6093    0.6093
  weight sum         3280      1293      1547      1105
  precision        3.6559    3.6559    3.6559    3.6559

back
  mean             0.0647    0.0771    0.0694    0.0393
  std. dev.        0.4259    0.4371    0.4259    0.4259
  weight sum         3280      1293      1547      1105
  precision        2.5555    2.5555    2.5555    2.5555

beat
  mean             0.0421    0.0253    0.0141    0.0066
  std. dev.        0.6062    0.6062    0.6062    0.6062
  weight sum         3280      1293      1547      1105
  precision        3.6374    3.6374    3.6374    3.6374

big
  mean             0.0782    0.0313    0.0384    0.0366
  std. dev.        0.4528      0.45      0.45      0.45
  weight sum         3280      1293      1547      1105
  precision        2.6997    2.6997    2.6997    2.6997

birthdai
  mean             0.0663    0.0125    0.0105    0.0088
  std. dev.        0.5407    0.5407    0.5407    0.5407
  weight sum         3280      1293      1547      1105
  precision        3.2444    3.2444    3.2444    3.2444

boi
  mean             0.0403    0.0142    0.0214    0.0233
  std. dev.        0.6125    0.6125    0.6125    0.6125
  weight sum         3280      1293      1547      1105
  precision        3.6749    3.6749    3.6749    3.6749

can't
  mean             0.1067     0.087    0.0182    0.0046
  std. dev.        0.5113    0.4633    0.4259    0.4259
  weight sum         3280      1293      1547      1105
  precision        2.5555    2.5555    2.5555    2.5555

celebr
  mean               0.05    0.0135    0.0158    0.0095
  std. dev.        0.5817    0.5817    0.5817    0.5817
  weight sum         3280      1293      1547      1105
  precision        3.4901    3.4901    3.4901    3.4901

check
  mean             0.0352    0.0169    0.0363    0.0706
  std. dev.        0.5202    0.5202    0.5202    0.5202
  weight sum         3280      1293      1547      1105
  precision        3.1214    3.1214    3.1214    3.1214

concert
  mean              0.043    0.0112    0.0304    0.0262
  std. dev.        0.6032    0.6032    0.6032    0.6032
  weight sum         3280      1293      1547      1105
  precision        3.6194    3.6194    3.6194    3.6194

don't
  mean             0.0602    0.1407    0.0403    0.0141
  std. dev.        0.4332    0.5881    0.4332    0.4332
  weight sum         3280      1293      1547      1105
  precision         2.599     2.599     2.599     2.599

enjoi
  mean             0.0525    0.0027    0.0045    0.0031
  std. dev.        0.5745    0.5745    0.5745    0.5745
  weight sum         3280      1293      1547      1105
  precision        3.4472    3.4472    3.4472    3.4472

excit
  mean             0.0925    0.0068    0.0076    0.0027
  std. dev.        0.5138     0.491     0.491     0.491
  weight sum         3280      1293      1547      1105
  precision        2.9463    2.9463    2.9463    2.9463

feel
  mean             0.0335    0.0704    0.0284    0.0057
  std. dev.        0.5232    0.5232    0.5232    0.5232
  weight sum         3280      1293      1547      1105
  precision         3.139     3.139     3.139     3.139

footbal
  mean             0.0315    0.0224    0.0396    0.0525
  std. dev.        0.5373    0.5373    0.5373    0.5373
  weight sum         3280      1293      1547      1105
  precision         3.224     3.224     3.224     3.224

free
  mean             0.0348    0.0027    0.0291    0.0501
  std. dev.        0.5769    0.5769    0.5769    0.5769
  weight sum         3280      1293      1547      1105
  precision        3.4612    3.4612    3.4612    3.4612

fridai
  mean             0.0787    0.0495    0.0903      0.09
  std. dev.        0.4246    0.3948    0.4537    0.4529
  weight sum         3280      1293      1547      1105
  precision        2.3687    2.3687    2.3687    2.3687

fun
  mean             0.0483    0.0027    0.0023    0.0064
  std. dev.        0.5867    0.5867    0.5867    0.5867
  weight sum         3280      1293      1547      1105
  precision        3.5202    3.5202    3.5202    3.5202

game
  mean             0.0966    0.0945    0.1098    0.1312
  std. dev.        0.4368    0.4322     0.464    0.5045
  weight sum         3280      1293      1547      1105
  precision        2.0712    2.0712    2.0712    2.0712

girl
  mean             0.0575    0.0261    0.0218    0.0183
  std. dev.        0.5614    0.5614    0.5614    0.5614
  weight sum         3280      1293      1547      1105
  precision        3.3687    3.3687    3.3687    3.3687

gonna
  mean             0.0631    0.0584    0.0488    0.0228
  std. dev.        0.4659    0.4659    0.4659    0.4659
  weight sum         3280      1293      1547      1105
  precision        2.7957    2.7957    2.7957    2.7957

gui
  mean             0.0373    0.0437    0.0426    0.0227
  std. dev.        0.5232    0.5232    0.5232    0.5232
  weight sum         3280      1293      1547      1105
  precision         3.139     3.139     3.139     3.139

happi
  mean             0.1192    0.0147    0.0035    0.0074
  std. dev.         0.556    0.4523    0.4523    0.4523
  weight sum         3280      1293      1547      1105
  precision         2.714     2.714     2.714     2.714

he'
  mean             0.0342     0.052    0.0311    0.0116
  std. dev.         0.534     0.534     0.534     0.534
  weight sum         3280      1293      1547      1105
  precision        3.2042    3.2042    3.2042    3.2042

hope
  mean             0.0843    0.0424    0.0319    0.0074
  std. dev.        0.4731    0.4564    0.4564    0.4564
  weight sum         3280      1293      1547      1105
  precision        2.7385    2.7385    2.7385    2.7385

i'll
  mean             0.0493    0.0447    0.0467    0.0288
  std. dev.        0.4814    0.4814    0.4814    0.4814
  weight sum         3280      1293      1547      1105
  precision        2.8882    2.8882    2.8882    2.8882

i'm
  mean             0.1126     0.153    0.0939    0.0731
  std. dev.        0.4632    0.5341    0.4251    0.3769
  weight sum         3280      1293      1547      1105
  precision        2.0181    2.0181    2.0181    2.0181

i'v
  mean             0.0439    0.0334    0.0256     0.013
  std. dev.        0.6003    0.6003    0.6003    0.6003
  weight sum         3280      1293      1547      1105
  precision        3.6019    3.6019    3.6019    3.6019

it'
  mean             0.0997    0.1159     0.069    0.0329
  std. dev.        0.4652    0.4997    0.3897    0.3784
  weight sum         3280      1293      1547      1105
  precision        2.2706    2.2706    2.2706    2.2706

know
  mean             0.0518    0.0876    0.0849     0.035
  std. dev.        0.4292    0.4668    0.4598    0.4292
  weight sum         3280      1293      1547      1105
  precision        2.5749    2.5749    2.5749    2.5749

life
  mean              0.033    0.0432    0.0135    0.0284
  std. dev.        0.5817    0.5817    0.5817    0.5817
  weight sum         3280      1293      1547      1105
  precision        3.4901    3.4901    3.4901    3.4901

live
  mean             0.0473    0.0295    0.0528    0.1011
  std. dev.         0.454     0.454     0.454    0.5148
  weight sum         3280      1293      1547      1105
  precision        2.7237    2.7237    2.7237    2.7237

lol
  mean             0.0598    0.0453    0.0359    0.0079
  std. dev.        0.4877    0.4877    0.4877    0.4877
  weight sum         3280      1293      1547      1105
  precision        2.9264    2.9264    2.9264    2.9264

look
  mean             0.0952    0.0693    0.0626    0.0307
  std. dev.        0.4704    0.4035    0.4034    0.4034
  weight sum         3280      1293      1547      1105
  precision        2.4202    2.4202    2.4202    2.4202

love
  mean             0.1581    0.0233    0.0284    0.0147
  std. dev.         0.584    0.3859    0.3859    0.3859
  weight sum         3280      1293      1547      1105
  precision        2.3152    2.3152    2.3152    2.3152

man
  mean             0.0441     0.031    0.0279    0.0307
  std. dev.        0.5132    0.5132    0.5132    0.5132
  weight sum         3280      1293      1547      1105
  precision        3.0794    3.0794    3.0794    3.0794

march
  mean             0.0423    0.0366    0.0284    0.0275
  std. dev.        0.5635    0.5635    0.5635    0.5635
  weight sum         3280      1293      1547      1105
  precision        3.3812    3.3812    3.3812    3.3812

meet
  mean             0.0404    0.0179    0.0278    0.0629
  std. dev.        0.5516    0.5516    0.5516    0.5516
  weight sum         3280      1293      1547      1105
  precision        3.3094    3.3094    3.3094    3.3094

mondai
  mean             0.0506    0.0476    0.0692    0.0654
  std. dev.        0.4461    0.4461    0.4461    0.4461
  weight sum         3280      1293      1547      1105
  precision        2.6765    2.6765    2.6765    2.6765

morn
  mean             0.0563    0.0584    0.0398    0.0329
  std. dev.        0.4659    0.4659    0.4659    0.4659
  weight sum         3280      1293      1547      1105
  precision        2.7957    2.7957    2.7957    2.7957

movi
  mean             0.0384    0.0341    0.0468    0.0285
  std. dev.        0.5247    0.5247    0.5247    0.5247
  weight sum         3280      1293      1547      1105
  precision        3.1479    3.1479    3.1479    3.1479

nice
  mean             0.0421    0.0056    0.0024    0.0033
  std. dev.        0.6062    0.6062    0.6062    0.6062
  weight sum         3280      1293      1547      1105
  precision        3.6374    3.6374    3.6374    3.6374

night
  mean             0.1362    0.1056    0.1408    0.1169
  std. dev.        0.4825    0.4287    0.4899    0.4496
  weight sum         3280      1293      1547      1105
  precision        1.8457    1.8457    1.8457    1.8457

novemb
  mean             0.0404    0.0186    0.0525    0.0626
  std. dev.        0.5016    0.5016    0.5016    0.5016
  weight sum         3280      1293      1547      1105
  precision        3.0097    3.0097    3.0097    3.0097

octob
  mean             0.0312    0.0186    0.0428    0.1035
  std. dev.        0.5016    0.5016    0.5016    0.5484
  weight sum         3280      1293      1547      1105
  precision        3.0097    3.0097    3.0097    3.0097

oh
  mean             0.0407    0.0344    0.0221    0.0062
  std. dev.          0.57      0.57      0.57      0.57
  weight sum         3280      1293      1547      1105
  precision          3.42      3.42      3.42      3.42

open
  mean             0.0376    0.0227    0.0417    0.1088
  std. dev.        0.4888    0.4888    0.4888    0.5544
  weight sum         3280      1293      1547      1105
  precision        2.9329    2.9329    2.9329    2.9329

parti
  mean             0.0353    0.0306    0.0374    0.0524
  std. dev.        0.5079    0.5079    0.5079    0.5079
  weight sum         3280      1293      1547      1105
  precision        3.0475    3.0475    3.0475    3.0475

pic
  mean             0.0517    0.0465    0.0618    0.0519
  std. dev.        0.4556    0.4556    0.4556    0.4556
  weight sum         3280      1293      1547      1105
  precision        2.7335    2.7335    2.7335    2.7335

place
  mean             0.0326    0.0276    0.0208    0.0387
  std. dev.        0.5947    0.5947    0.5947    0.5947
  weight sum         3280      1293      1547      1105
  precision        3.5681    3.5681    3.5681    3.5681

plai
  mean              0.067    0.0822    0.0779    0.1069
  std. dev.        0.3938    0.4331    0.4219    0.4911
  weight sum         3280      1293      1547      1105
  precision        2.3628    2.3628    2.3628    2.3628

right
  mean              0.039    0.0507    0.0363    0.0169
  std. dev.        0.5202    0.5202    0.5202    0.5202
  weight sum         3280      1293      1547      1105
  precision        3.1214    3.1214    3.1214    3.1214

rt
  mean             0.0452    0.0476    0.0614    0.0481
  std. dev.        0.4659    0.4659    0.4659    0.4659
  weight sum         3280      1293      1547      1105
  precision        2.7957    2.7957    2.7957    2.7957

sat
  mean             0.0398    0.0702    0.0421    0.0513
  std. dev.        0.4724    0.4724    0.4724    0.4724
  weight sum         3280      1293      1547      1105
  precision        2.8346    2.8346    2.8346    2.8346

saturdai
  mean             0.0718    0.0577    0.0777    0.1001
  std. dev.        0.4094    0.4008    0.4253    0.4803
  weight sum         3280      1293      1547      1105
  precision        2.4047    2.4047    2.4047    2.4047

school
  mean             0.0341    0.0593    0.0268    0.0145
  std. dev.        0.5324    0.5324    0.5324    0.5324
  weight sum         3280      1293      1547      1105
  precision        3.1945    3.1945    3.1945    3.1945

season
  mean             0.0527    0.0382    0.0408    0.0844
  std. dev.        0.4573    0.4573    0.4573    0.4738
  weight sum         3280      1293      1547      1105
  precision        2.7435    2.7435    2.7435    2.7435

song
  mean             0.0474    0.0219     0.016    0.0352
  std. dev.        0.5893    0.5893    0.5893    0.5893
  weight sum         3280      1293      1547      1105
  precision        3.5358    3.5358    3.5358    3.5358

start
  mean             0.0683    0.0483    0.0522     0.066
  std. dev.        0.4338    0.4338    0.4338    0.4338
  weight sum         3280      1293      1547      1105
  precision         2.603     2.603     2.603     2.603

sun
  mean             0.0469    0.0352    0.0534    0.0515
  std. dev.        0.4744    0.4744    0.4744    0.4744
  weight sum         3280      1293      1547      1105
  precision        2.8462    2.8462    2.8462    2.8462

sundai
  mean             0.0834    0.0519     0.076    0.0781
  std. dev.        0.4393    0.3998    0.4201    0.4258
  weight sum         3280      1293      1547      1105
  precision        2.3985    2.3985    2.3985    2.3985

super
  mean             0.0457    0.0166    0.0231    0.0323
  std. dev.        0.5947    0.5947    0.5947    0.5947
  weight sum         3280      1293      1547      1105
  precision        3.5681    3.5681    3.5681    3.5681

support
  mean             0.0385    0.0115    0.0096    0.0034
  std. dev.        0.6191    0.6191    0.6191    0.6191
  weight sum         3280      1293      1547      1105
  precision        3.7145    3.7145    3.7145    3.7145

sure
  mean             0.0448     0.025    0.0209    0.0162
  std. dev.        0.5975    0.5975    0.5975    0.5975
  weight sum         3280      1293      1547      1105
  precision        3.5848    3.5848    3.5848    3.5848

team
  mean             0.0502    0.0395    0.0422     0.054
  std. dev.        0.4734    0.4734    0.4734    0.4734
  weight sum         3280      1293      1547      1105
  precision        2.8404    2.8404    2.8404    2.8404

thank
  mean             0.0783     0.012     0.018    0.0084
  std. dev.         0.516     0.516     0.516     0.516
  weight sum         3280      1293      1547      1105
  precision        3.0959    3.0959    3.0959    3.0959

that'
  mean             0.0322    0.0408    0.0298    0.0119
  std. dev.        0.5497    0.5497    0.5497    0.5497
  weight sum         3280      1293      1547      1105
  precision        3.2981    3.2981    3.2981    3.2981

think
  mean              0.059     0.085    0.0845    0.0213
  std. dev.        0.4359    0.4637    0.4625    0.4359
  weight sum         3280      1293      1547      1105
  precision        2.6155    2.6155    2.6155    2.6155

thursdai
  mean             0.0405    0.0459    0.0456    0.0766
  std. dev.        0.4705    0.4705    0.4705    0.4705
  weight sum         3280      1293      1547      1105
  precision        2.8233    2.8233    2.8233    2.8233

ticket
  mean             0.0362    0.0236    0.0492    0.0689
  std. dev.        0.5079    0.5079    0.5079    0.5079
  weight sum         3280      1293      1547      1105
  precision        3.0475    3.0475    3.0475    3.0475

todai
  mean             0.0636    0.0845    0.0674    0.0697
  std. dev.        0.4138    0.4502    0.4138    0.4138
  weight sum         3280      1293      1547      1105
  precision        2.4829    2.4829    2.4829    2.4829

today
  mean             0.0416    0.0319    0.0369    0.0201
  std. dev.        0.5292    0.5292    0.5292    0.5292
  weight sum         3280      1293      1547      1105
  precision        3.1755    3.1755    3.1755    3.1755

tomorrow
  mean             0.1991    0.1879    0.1724    0.1588
  std. dev.        0.4898     0.478    0.4609    0.4447
  weight sum         3280      1293      1547      1105
  precision        1.4041    1.4041    1.4041    1.4041

tomorrow!
  mean             0.0678    0.0175     0.025    0.0146
  std. dev.        0.5373    0.5373    0.5373    0.5373
  weight sum         3280      1293      1547      1105
  precision         3.224     3.224     3.224     3.224

tonight
  mean              0.124    0.0995    0.0818    0.0807
  std. dev.        0.4919    0.4434    0.4038    0.4013
  weight sum         3280      1293      1547      1105
  precision         2.075     2.075     2.075     2.075

tonight!
  mean             0.0366    0.0058    0.0049    0.0102
  std. dev.        0.6261    0.6261    0.6261    0.6261
  weight sum         3280      1293      1547      1105
  precision        3.7566    3.7566    3.7566    3.7566

tv
  mean             0.0337    0.0331    0.0277    0.0355
  std. dev.        0.5947    0.5947    0.5947    0.5947
  weight sum         3280      1293      1547      1105
  precision        3.5681    3.5681    3.5681    3.5681

twitter
  mean             0.0549    0.0499    0.0642    0.0535
  std. dev.        0.4476    0.4476    0.4476    0.4476
  weight sum         3280      1293      1547      1105
  precision        2.6857    2.6857    2.6857    2.6857

wait
  mean             0.1081    0.0572    0.0231    0.0139
  std. dev.         0.514    0.4253    0.4253    0.4253
  weight sum         3280      1293      1547      1105
  precision        2.5517    2.5517    2.5517    2.5517

watch
  mean             0.1132    0.1081    0.1012     0.068
  std. dev.        0.4727    0.4625    0.4482    0.3704
  weight sum         3280      1293      1547      1105
  precision        2.0866    2.0866    2.0866    2.0866

we'r
  mean             0.0394    0.0057    0.0215    0.0201
  std. dev.        0.6157    0.6157    0.6157    0.6157
  weight sum         3280      1293      1547      1105
  precision        3.6944    3.6944    3.6944    3.6944

weekend
  mean             0.0384    0.0132    0.0352    0.0339
  std. dev.        0.5678    0.5678    0.5678    0.5678
  weight sum         3280      1293      1547      1105
  precision        3.4068    3.4068    3.4068    3.4068

win
  mean             0.0782     0.043    0.0462    0.0335
  std. dev.        0.4481    0.4409    0.4409    0.4409
  weight sum         3280      1293      1547      1105
  precision        2.6453    2.6453    2.6453    2.6453

wish
  mean               0.05    0.0216    0.0113         0
  std. dev.        0.5817    0.5817    0.5817    0.5817
  weight sum         3280      1293      1547      1105
  precision        3.4901    3.4901    3.4901    3.4901

work
  mean             0.0505    0.0499    0.0417    0.0533
  std. dev.        0.4678    0.4678    0.4678    0.4678
  weight sum         3280      1293      1547      1105
  precision        2.8066    2.8066    2.8066    2.8066

world
  mean             0.0408     0.063    0.0282    0.0526
  std. dev.        0.4845    0.4845    0.4845    0.4845
  weight sum         3280      1293      1547      1105
  precision         2.907     2.907     2.907     2.907

5th
  mean             0.0387     0.044    0.0198    0.0317
  std. dev.        0.7302    0.7302    0.7302    0.7302
  weight sum         3280      1293      1547      1105
  precision        4.3809    4.3809    4.3809    4.3809

:(
  mean             0.0082    0.0834     0.005         0
  std. dev.        0.6415    0.6415    0.6415    0.6415
  weight sum         3280      1293      1547      1105
  precision        3.8491    3.8491    3.8491    3.8491

appl
  mean              0.007    0.0353    0.0147    0.0165
  std. dev.        0.7605    0.7605    0.7605    0.7605
  weight sum         3280      1293      1547      1105
  precision        4.5628    4.5628    4.5628    4.5628

ask
  mean             0.0132    0.0469    0.0252    0.0039
  std. dev.        0.7216    0.7216    0.7216    0.7216
  weight sum         3280      1293      1547      1105
  precision        4.3296    4.3296    4.3296    4.3296

ass
  mean             0.0181    0.0524    0.0055    0.0038
  std. dev.        0.7062    0.7062    0.7062    0.7062
  weight sum         3280      1293      1547      1105
  precision         4.237     4.237     4.237     4.237

bad
  mean              0.019    0.1023    0.0095      0.01
  std. dev.        0.6125    0.6125    0.6125    0.6125
  weight sum         3280      1293      1547      1105
  precision        3.6749    3.6749    3.6749    3.6749

call
  mean             0.0214    0.0569    0.0497    0.0393
  std. dev.        0.5574    0.5574    0.5574    0.5574
  weight sum         3280      1293      1547      1105
  precision        3.3443    3.3443    3.3443    3.3443

cancel
  mean              0.005    0.0631    0.0053    0.0037
  std. dev.        0.6804    0.6804    0.6804    0.6804
  weight sum         3280      1293      1547      1105
  precision        4.0823    4.0823    4.0823    4.0823

carter
  mean             0.0122    0.0412    0.0115    0.0201
  std. dev.        0.7394    0.7394    0.7394    0.7394
  weight sum         3280      1293      1547      1105
  precision        4.4364    4.4364    4.4364    4.4364

damn
  mean             0.0157    0.0497    0.0111         0
  std. dev.        0.7136    0.7136    0.7136    0.7136
  weight sum         3280      1293      1547      1105
  precision        4.2817    4.2817    4.2817    4.2817

didn't
  mean             0.0163    0.0605    0.0186    0.0037
  std. dev.        0.6863    0.6863    0.6863    0.6863
  weight sum         3280      1293      1547      1105
  precision        4.1179    4.1179    4.1179    4.1179

doesn't
  mean              0.016    0.0658    0.0288    0.0037
  std. dev.        0.6748    0.6748    0.6748    0.6748
  weight sum         3280      1293      1547      1105
  precision        4.0485    4.0485    4.0485    4.0485

dont
  mean              0.004    0.0469    0.0224         0
  std. dev.        0.7216    0.7216    0.7216    0.7216
  weight sum         3280      1293      1547      1105
  precision        4.3296    4.3296    4.3296    4.3296

fail
  mean             0.0013     0.044    0.0085     0.004
  std. dev.        0.7302    0.7302    0.7302    0.7302
  weight sum         3280      1293      1547      1105
  precision        4.3809    4.3809    4.3809    4.3809

famili
  mean             0.0267     0.044    0.0255    0.0198
  std. dev.        0.7302    0.7302    0.7302    0.7302
  weight sum         3280      1293      1547      1105
  precision        4.3809    4.3809    4.3809    4.3809

fuck
  mean             0.0224    0.1247    0.0159    0.0063
  std. dev.        0.5842    0.6492    0.5842    0.5842
  weight sum         3280      1293      1547      1105
  precision         3.505     3.505     3.505     3.505

ghost
  mean             0.0054    0.0412    0.0258     0.004
  std. dev.        0.7394    0.7394    0.7394    0.7394
  weight sum         3280      1293      1547      1105
  precision        4.4364    4.4364    4.4364    4.4364

guess
  mean             0.0177     0.039    0.0351     0.007
  std. dev.        0.6457    0.6457    0.6457    0.6457
  weight sum         3280      1293      1547      1105
  precision        3.8743    3.8743    3.8743    3.8743

happen
  mean              0.013     0.039    0.0351     0.021
  std. dev.        0.6457    0.6457    0.6457    0.6457
  weight sum         3280      1293      1547      1105
  precision        3.8743    3.8743    3.8743    3.8743

hate
  mean             0.0087    0.0631    0.0132         0
  std. dev.        0.6804    0.6804    0.6804    0.6804
  weight sum         3280      1293      1547      1105
  precision        4.0823    4.0823    4.0823    4.0823

haven't
  mean             0.0179    0.0552    0.0136    0.0076
  std. dev.        0.6992    0.6992    0.6992    0.6992
  weight sum         3280      1293      1547      1105
  precision         4.195     4.195     4.195     4.195

hear
  mean               0.02     0.044     0.034    0.0119
  std. dev.        0.7302    0.7302    0.7302    0.7302
  weight sum         3280      1293      1547      1105
  precision        4.3809    4.3809    4.3809    4.3809

hit
  mean             0.0243    0.0412    0.0143    0.0401
  std. dev.        0.7394    0.7394    0.7394    0.7394
  weight sum         3280      1293      1547      1105
  precision        4.4364    4.4364    4.4364    4.4364

home
  mean             0.0333    0.0647    0.0353    0.0329
  std. dev.        0.6062    0.6062    0.6062    0.6062
  weight sum         3280      1293      1547      1105
  precision        3.6374    3.6374    3.6374    3.6374

kill
  mean              0.011    0.0683    0.0286         0
  std. dev.        0.6694    0.6694    0.6694    0.6694
  weight sum         3280      1293      1547      1105
  precision        4.0163    4.0163    4.0163    4.0163

knick
  mean             0.0275    0.0425    0.0254    0.0391
  std. dev.        0.6546    0.6546    0.6546    0.6546
  weight sum         3280      1293      1547      1105
  precision        3.9277    3.9277    3.9277    3.9277

leav
  mean               0.02     0.044    0.0312    0.0119
  std. dev.        0.7302    0.7302    0.7302    0.7302
  weight sum         3280      1293      1547      1105
  precision        4.3809    4.3809    4.3809    4.3809

lion
  mean             0.0264    0.0353    0.0236    0.0289
  std. dev.        0.7605    0.7605    0.7605    0.7605
  weight sum         3280      1293      1547      1105
  precision        4.5628    4.5628    4.5628    4.5628

lost
  mean             0.0117    0.0497    0.0138    0.0077
  std. dev.        0.7136    0.7136    0.7136    0.7136
  weight sum         3280      1293      1547      1105
  precision        4.2817    4.2817    4.2817    4.2817

martin
  mean             0.0157    0.0497    0.0194     0.031
  std. dev.        0.7136    0.7136    0.7136    0.7136
  weight sum         3280      1293      1547      1105
  precision        4.2817    4.2817    4.2817    4.2817

move
  mean             0.0343     0.039    0.0351    0.0386
  std. dev.        0.6457    0.6457    0.6457    0.6457
  weight sum         3280      1293      1547      1105
  precision        3.8743    3.8743    3.8743    3.8743

nigga
  mean               0.01    0.0605    0.0133         0
  std. dev.        0.6863    0.6863    0.6863    0.6863
  weight sum         3280      1293      1547      1105
  precision        4.1179    4.1179    4.1179    4.1179

obama
  mean             0.0107     0.044    0.0198    0.0278
  std. dev.        0.7302    0.7302    0.7302    0.7302
  weight sum         3280      1293      1547      1105
  precision        4.3809    4.3809    4.3809    4.3809

peopl
  mean             0.0254      0.07    0.0328    0.0164
  std. dev.        0.6032    0.6032    0.6032    0.6032
  weight sum         3280      1293      1547      1105
  precision        3.6194    3.6194    3.6194    3.6194

pretti
  mean             0.0343    0.0469    0.0056    0.0039
  std. dev.        0.7216    0.7216    0.7216    0.7216
  weight sum         3280      1293      1547      1105
  precision        4.3296    4.3296    4.3296    4.3296

put
  mean             0.0203    0.0578    0.0107    0.0188
  std. dev.        0.6926    0.6926    0.6926    0.6926
  weight sum         3280      1293      1547      1105
  precision        4.1554    4.1554    4.1554    4.1554

real
  mean             0.0323    0.0425    0.0229    0.0391
  std. dev.        0.6546    0.6546    0.6546    0.6546
  weight sum         3280      1293      1547      1105
  precision        3.9277    3.9277    3.9277    3.9277

rugbi
  mean             0.0108    0.0412    0.0172    0.0241
  std. dev.        0.7394    0.7394    0.7394    0.7394
  weight sum         3280      1293      1547      1105
  precision        4.4364    4.4364    4.4364    4.4364

run
  mean             0.0208     0.058    0.0396    0.0401
  std. dev.        0.5678    0.5678    0.5678    0.5678
  weight sum         3280      1293      1547      1105
  precision        3.4068    3.4068    3.4068    3.4068

sad
  mean             0.0051    0.0552    0.0054    0.0038
  std. dev.        0.6992    0.6992    0.6992    0.6992
  weight sum         3280      1293      1547      1105
  precision         4.195     4.195     4.195     4.195

sai
  mean             0.0265    0.0647    0.0411    0.0424
  std. dev.        0.5574    0.5574    0.5574    0.5574
  weight sum         3280      1293      1547      1105
  precision        3.3443    3.3443    3.3443    3.3443

shit
  mean             0.0158       0.1    0.0215         0
  std. dev.        0.6157    0.6157    0.6157    0.6157
  weight sum         3280      1293      1547      1105
  precision        3.6944    3.6944    3.6944    3.6944

sunday
  mean              0.031    0.0524    0.0356    0.0422
  std. dev.        0.7062    0.7062    0.7062    0.7062
  weight sum         3280      1293      1547      1105
  precision         4.237     4.237     4.237     4.237

talk
  mean             0.0232    0.0512    0.0492    0.0539
  std. dev.        0.5516    0.5516    0.5516    0.5516
  weight sum         3280      1293      1547      1105
  precision        3.3094    3.3094    3.3094    3.3094

try
  mean             0.0243     0.047    0.0344    0.0241
  std. dev.        0.6335    0.6335    0.6335    0.6335
  weight sum         3280      1293      1547      1105
  precision        3.8013    3.8013    3.8013    3.8013

turn
  mean              0.029    0.0469    0.0224    0.0118
  std. dev.        0.7216    0.7216    0.7216    0.7216
  weight sum         3280      1293      1547      1105
  precision        4.3296    4.3296    4.3296    4.3296

tweet
  mean              0.024     0.044     0.034    0.0198
  std. dev.        0.7302    0.7302    0.7302    0.7302
  weight sum         3280      1293      1547      1105
  precision        4.3809    4.3809    4.3809    4.3809

wednesdai
  mean             0.0325    0.0398    0.0523      0.02
  std. dev.        0.6125    0.6125    0.6125    0.6125
  weight sum         3280      1293      1547      1105
  precision        3.6749    3.6749    3.6749    3.6749

won't
  mean              0.022    0.0524     0.011    0.0077
  std. dev.        0.7062    0.7062    0.7062    0.7062
  weight sum         3280      1293      1547      1105
  precision         4.237     4.237     4.237     4.237

2012
  mean             0.0199    0.0106    0.0488    0.0901
  std. dev.        0.5722    0.5722    0.5722    0.5722
  weight sum         3280      1293      1547      1105
  precision        3.4335    3.4335    3.4335    3.4335

6
  mean             0.0304    0.0335    0.0392    0.0431
  std. dev.        0.7216    0.7216    0.7216    0.7216
  weight sum         3280      1293      1547      1105
  precision        4.3296    4.3296    4.3296    4.3296

7
  mean              0.017    0.0316    0.0408    0.0571
  std. dev.        0.6191    0.6191    0.6191    0.6191
  weight sum         3280      1293      1547      1105
  precision        3.7145    3.7145    3.7145    3.7145

black
  mean             0.0256    0.0339    0.0378    0.0695
  std. dev.        0.6093    0.6093    0.6093    0.6093
  weight sum         3280      1293      1547      1105
  precision        3.6559    3.6559    3.6559    3.6559

bui
  mean             0.0248    0.0232    0.0415     0.031
  std. dev.        0.7136    0.7136    0.7136    0.7136
  weight sum         3280      1293      1547      1105
  precision        4.2817    4.2817    4.2817    4.2817

citi
  mean             0.0251    0.0368    0.0392    0.0392
  std. dev.        0.7216    0.7216    0.7216    0.7216
  weight sum         3280      1293      1547      1105
  precision        4.3296    4.3296    4.3296    4.3296

club
  mean             0.0328    0.0115    0.0336    0.0672
  std. dev.        0.6191    0.6191    0.6191    0.6191
  weight sum         3280      1293      1547      1105
  precision        3.7145    3.7145    3.7145    3.7145

fan
  mean             0.0366    0.0265    0.0415    0.0077
  std. dev.        0.7136    0.7136    0.7136    0.7136
  weight sum         3280      1293      1547      1105
  precision        4.2817    4.2817    4.2817    4.2817

final
  mean             0.0327    0.0177     0.042    0.0415
  std. dev.        0.6375    0.6375    0.6375    0.6375
  weight sum         3280      1293      1547      1105
  precision        3.8248    3.8248    3.8248    3.8248

find
  mean             0.0303    0.0325     0.042    0.0415
  std. dev.        0.6375    0.6375    0.6375    0.6375
  weight sum         3280      1293      1547      1105
  precision        3.8248    3.8248    3.8248    3.8248

georg
  mean             0.0144    0.0166    0.0415    0.0194
  std. dev.        0.7136    0.7136    0.7136    0.7136
  weight sum         3280      1293      1547      1105
  precision        4.2817    4.2817    4.2817    4.2817

leagu
  mean             0.0215    0.0259    0.0456    0.0504
  std. dev.        0.6191    0.6191    0.6191    0.6191
  weight sum         3280      1293      1547      1105
  precision        3.7145    3.7145    3.7145    3.7145

match
  mean             0.0271    0.0172    0.0344    0.0161
  std. dev.        0.7394    0.7394    0.7394    0.7394
  weight sum         3280      1293      1547      1105
  precision        4.4364    4.4364    4.4364    4.4364

nov
  mean               0.03    0.0177    0.0508    0.1186
  std. dev.         0.546     0.546     0.546    0.6119
  weight sum         3280      1293      1547      1105
  precision        3.2761    3.2761    3.2761    3.2761

park
  mean             0.0277    0.0134    0.0392    0.0431
  std. dev.        0.7216    0.7216    0.7216    0.7216
  weight sum         3280      1293      1547      1105
  precision        4.3296    4.3296    4.3296    4.3296

pick
  mean             0.0198    0.0201    0.0392    0.0274
  std. dev.        0.7216    0.7216    0.7216    0.7216
  weight sum         3280      1293      1547      1105
  precision        4.3296    4.3296    4.3296    4.3296

set
  mean             0.0199    0.0336    0.0515    0.0557
  std. dev.        0.6032    0.6032    0.6032    0.6032
  weight sum         3280      1293      1547      1105
  precision        3.6194    3.6194    3.6194    3.6194

state
  mean             0.0327    0.0229    0.0454    0.0535
  std. dev.        0.6157    0.6157    0.6157    0.6157
  weight sum         3280      1293      1547      1105
  precision        3.6944    3.6944    3.6944    3.6944

tell
  mean             0.0294    0.0237    0.0368    0.0198
  std. dev.        0.7302    0.7302    0.7302    0.7302
  weight sum         3280      1293      1547      1105
  precision        4.3809    4.3809    4.3809    4.3809

thought
  mean             0.0181    0.0328    0.0438    0.0153
  std. dev.        0.7062    0.7062    0.7062    0.7062
  weight sum         3280      1293      1547      1105
  precision         4.237     4.237     4.237     4.237

tomorrow,
  mean             0.0383    0.0402    0.0392    0.0196
  std. dev.        0.7216    0.7216    0.7216    0.7216
  weight sum         3280      1293      1547      1105
  precision        4.3296    4.3296    4.3296    4.3296

top
  mean             0.0274    0.0199    0.0415    0.0349
  std. dev.        0.7136    0.7136    0.7136    0.7136
  weight sum         3280      1293      1547      1105
  precision        4.2817    4.2817    4.2817    4.2817

train
  mean             0.0106    0.0268    0.0392    0.0313
  std. dev.        0.7216    0.7216    0.7216    0.7216
  weight sum         3280      1293      1547      1105
  precision        4.3296    4.3296    4.3296    4.3296

tuesdai
  mean             0.0344    0.0349     0.034    0.0612
  std. dev.        0.6261    0.6261    0.6261    0.6261
  weight sum         3280      1293      1547      1105
  precision        3.7566    3.7566    3.7566    3.7566

white
  mean             0.0143    0.0362    0.0353    0.0424
  std. dev.        0.6501    0.6501    0.6501    0.6501
  weight sum         3280      1293      1547      1105
  precision        3.9005    3.9005    3.9005    3.9005

who'
  mean             0.0137    0.0063    0.0528    0.0332
  std. dev.        0.6804    0.6804    0.6804    0.6804
  weight sum         3280      1293      1547      1105
  precision        4.0823    4.0823    4.0823    4.0823

10
  mean             0.0284    0.0262    0.0274    0.0614
  std. dev.        0.7062    0.7062    0.7062    0.7062
  weight sum         3280      1293      1547      1105
  precision         4.237     4.237     4.237     4.237

10th
  mean             0.0227    0.0136     0.017    0.0515
  std. dev.        0.7302    0.7302    0.7302    0.7302
  weight sum         3280      1293      1547      1105
  precision        4.3809    4.3809    4.3809    4.3809

16
  mean             0.0189    0.0034    0.0172    0.0482
  std. dev.        0.7394    0.7394    0.7394    0.7394
  weight sum         3280      1293      1547      1105
  precision        4.4364    4.4364    4.4364    4.4364

8
  mean             0.0227    0.0102    0.0368    0.0515
  std. dev.        0.7302    0.7302    0.7302    0.7302
  weight sum         3280      1293      1547      1105
  precision        4.3809    4.3809    4.3809    4.3809

april
  mean             0.0082    0.0139    0.0203    0.0448
  std. dev.        0.7495    0.7495    0.7495    0.7495
  weight sum         3280      1293      1547      1105
  precision        4.4967    4.4967    4.4967    4.4967

august
  mean             0.0324    0.0032    0.0185    0.0739
  std. dev.        0.6804    0.6804    0.6804    0.6804
  weight sum         3280      1293      1547      1105
  precision        4.0823    4.0823    4.0823    4.0823

confirm
  mean              0.008    0.0034    0.0113    0.0515
  std. dev.        0.7302    0.7302    0.7302    0.7302
  weight sum         3280      1293      1547      1105
  precision        4.3809    4.3809    4.3809    4.3809

cup
  mean             0.0211    0.0335    0.0364    0.0549
  std. dev.        0.7216    0.7216    0.7216    0.7216
  weight sum         3280      1293      1547      1105
  precision        4.3296    4.3296    4.3296    4.3296

daili
  mean             0.0028    0.0179     0.012    0.0378
  std. dev.        0.7726    0.7726    0.7726    0.7726
  weight sum         3280      1293      1547      1105
  precision        4.6358    4.6358    4.6358    4.6358

david
  mean               0.02    0.0237    0.0312    0.0515
  std. dev.        0.7302    0.7302    0.7302    0.7302
  weight sum         3280      1293      1547      1105
  precision        4.3809    4.3809    4.3809    4.3809

film
  mean             0.0302    0.0174    0.0378    0.0448
  std. dev.        0.7495    0.7495    0.7495    0.7495
  weight sum         3280      1293      1547      1105
  precision        4.4967    4.4967    4.4967    4.4967

head
  mean             0.0383    0.0335    0.0336    0.0549
  std. dev.        0.7216    0.7216    0.7216    0.7216
  weight sum         3280      1293      1547      1105
  precision        4.3296    4.3296    4.3296    4.3296

intern
  mean             0.0053      0.01    0.0308    0.0549
  std. dev.        0.7216    0.7216    0.7216    0.7216
  weight sum         3280      1293      1547      1105
  precision        4.3296    4.3296    4.3296    4.3296

januari
  mean             0.0066    0.0033    0.0084    0.0549
  std. dev.        0.7216    0.7216    0.7216    0.7216
  weight sum         3280      1293      1547      1105
  precision        4.3296    4.3296    4.3296    4.3296

join
  mean             0.0396    0.0065    0.0325    0.0645
  std. dev.        0.6992    0.6992    0.6992    0.6992
  weight sum         3280      1293      1547      1105
  precision         4.195     4.195     4.195     4.195

launch
  mean             0.0081    0.0069    0.0143    0.0482
  std. dev.        0.7394    0.7394    0.7394    0.7394
  weight sum         3280      1293      1547      1105
  precision        4.4364    4.4364    4.4364    4.4364

line
  mean             0.0168    0.0164    0.0246    0.0614
  std. dev.        0.7062    0.7062    0.7062    0.7062
  weight sum         3280      1293      1547      1105
  precision         4.237     4.237     4.237     4.237

london
  mean             0.0213    0.0318    0.0319    0.0708
  std. dev.        0.6863    0.6863    0.6863    0.6863
  weight sum         3280      1293      1547      1105
  precision        4.1179    4.1179    4.1179    4.1179

michael
  mean             0.0157    0.0265    0.0277    0.0581
  std. dev.        0.7136    0.7136    0.7136    0.7136
  weight sum         3280      1293      1547      1105
  precision        4.2817    4.2817    4.2817    4.2817

oct
  mean             0.0269    0.0217    0.0312      0.08
  std. dev.        0.6694    0.6694    0.6694    0.6694
  weight sum         3280      1293      1547      1105
  precision        4.0163    4.0163    4.0163    4.0163

perform
  mean             0.0317    0.0134     0.028    0.0549
  std. dev.        0.7216    0.7216    0.7216    0.7216
  weight sum         3280      1293      1547      1105
  precision        4.3296    4.3296    4.3296    4.3296

pm
  mean             0.0149    0.0137    0.0258    0.0482
  std. dev.        0.7394    0.7394    0.7394    0.7394
  weight sum         3280      1293      1547      1105
  precision        4.4364    4.4364    4.4364    4.4364

practic
  mean              0.011    0.0104    0.0174    0.0448
  std. dev.        0.7495    0.7495    0.7495    0.7495
  weight sum         3280      1293      1547      1105
  precision        4.4967    4.4967    4.4967    4.4967

red
  mean              0.029    0.0335    0.0196    0.0549
  std. dev.        0.7216    0.7216    0.7216    0.7216
  weight sum         3280      1293      1547      1105
  precision        4.3296    4.3296    4.3296    4.3296

releas
  mean             0.0243    0.0206    0.0373    0.0482
  std. dev.        0.7394    0.7394    0.7394    0.7394
  weight sum         3280      1293      1547      1105
  precision        4.4364    4.4364    4.4364    4.4364

san
  mean             0.0181    0.0066    0.0192    0.0614
  std. dev.        0.7062    0.7062    0.7062    0.7062
  weight sum         3280      1293      1547      1105
  precision         4.237     4.237     4.237     4.237

schedul
  mean             0.0108    0.0034    0.0143    0.0482
  std. dev.        0.7394    0.7394    0.7394    0.7394
  weight sum         3280      1293      1547      1105
  precision        4.4364    4.4364    4.4364    4.4364

star
  mean              0.038    0.0225    0.0349    0.0677
  std. dev.        0.6926    0.6926    0.6926    0.6926
  weight sum         3280      1293      1547      1105
  precision        4.1554    4.1554    4.1554    4.1554

washington
  mean             0.0178     0.007    0.0174    0.0448
  std. dev.        0.7495    0.7495    0.7495    0.7495
  weight sum         3280      1293      1547      1105
  precision        4.4967    4.4967    4.4967    4.4967

york
  mean             0.0148    0.0157    0.0105    0.0769
  std. dev.        0.6748    0.6748    0.6748    0.6748
  weight sum         3280      1293      1547      1105
  precision        4.0485    4.0485    4.0485    4.0485



Time taken to build model: 0.42 seconds

=== Stratified cross-validation ===
=== Summary ===

Correctly Classified Instances        3187               44.1107 %
Incorrectly Classified Instances      4038               55.8893 %
Kappa statistic                          0.0947
Mean absolute error                      0.3155
Root mean squared error                  0.4109
Relative absolute error                 91.096  %
Root relative squared error             98.7506 %
Total Number of Instances             7225     

=== Detailed Accuracy By Class ===

                 TP Rate  FP Rate  Precision  Recall   F-Measure  MCC      ROC Area  PRC Area  Class
                 0.808    0.702    0.489      0.808    0.609      0.122    0.660     0.655     positive
                 0.169    0.075    0.329      0.169    0.223      0.125    0.650     0.288     negative
                 0.025    0.026    0.203      0.025    0.044      -0.004   0.579     0.244     neutral
                 0.254    0.111    0.293      0.254    0.272      0.152    0.688     0.275     objective
Weighted Avg.    0.441    0.354    0.369      0.441    0.368      0.100    0.645     0.443     

=== Confusion Matrix ===

    a    b    c    d   <-- classified as
 2650  243   73  314 |    a = positive
  916  218   36  123 |    b = negative
 1131  138   38  240 |    c = neutral
  721   63   40  281 |    d = objective

